   1.0000    0.4555  -10.2391
   2.0000    0.5239   -0.0110
   3.0000    1.0336   -0.9786
   4.0000    0.9670   -0.3025
   5.0000    1.1762   -1.1751
   6.0000    0.8724    3.4362
   7.0000    1.0383   -1.9449
   8.0000    0.7737    1.5894
   9.0000    0.8976   -2.7363
  10.0000    1.1676    1.3274
  11.0000    1.1697    0.4813
  12.0000    0.9350    1.1067
  13.0000    1.0735   -2.1920
  14.0000    0.5507    0.2032
  15.0000    0.7806   -2.4045
  16.0000    1.1449    1.3215
  17.0000    0.1355   -1.4255
  18.0000    1.0686   -1.7138
  19.0000    1.0216    1.3737
  20.0000    0.9815   -0.3714
  21.0000    0.6885   -0.5952
  22.0000    1.0079   -1.6812
  23.0000    0.9523   -0.3839
  24.0000    1.1062   -0.9581
  25.0000    0.7861    3.0626
  26.0000    0.8910   -1.6359
  27.0000    0.9341    0.3981
  28.0000    0.9329   -2.9765
  29.0000    1.1189    1.5312
  30.0000    0.9446    0.5069
  31.0000    0.9970    1.1230
  32.0000    0.9153   -1.5565
  33.0000    1.2306    1.1242
  34.0000    1.0408   -2.1415
  35.0000    1.1429    2.1962
  36.0000    0.9209    0.1610
  37.0000    1.2021   -1.1747
  38.0000    0.8710    1.1279
  39.0000    1.0279   -0.1573
  40.0000    1.1245    1.4285
  41.0000    1.0376   -0.1816
  42.0000    0.9544   -0.8715
  43.0000    1.2010   -1.4552
  44.0000    0.6128    2.8553
  45.0000    0.9508   -1.4477
  46.0000    0.4673   -0.2081
  47.0000    0.9258   -2.6382
  48.0000    1.0640    0.5485
  49.0000    1.0237   -0.3563
  50.0000    0.9361    2.2844
  51.0000    0.9199   -1.0796
  52.0000    0.3535    0.7755
  53.0000    1.0660   -0.9436
  54.0000    1.0404    1.5318
  55.0000    0.9164    0.3733
  56.0000    1.1039    0.1278
  57.0000    0.9059   -0.4980
  58.0000    0.9206    0.5452
  59.0000    0.9157   -3.2487
  60.0000    1.1477    1.4972
  61.0000    0.4663   -0.0449
  62.0000    1.5882   -2.2548
  63.0000    1.3361   -0.5018
  64.0000    1.9443   -0.2360
  65.0000    0.9506    0.4328
  66.0000    1.1119    0.2328
  67.0000    1.4457   -0.1078
  68.0000    1.2697   -0.5570
  69.0000    0.5011   -0.0094
  70.0000    1.0206   -0.5776
  71.0000    0.8539    1.8866
  72.0000    0.9430   -1.8798
  73.0000    1.0566   -0.8708
  74.0000    1.0357   -1.0698
  75.0000    1.2797    0.2050
  76.0000    1.1105    1.7801
  77.0000    0.9763   -0.9325
  78.0000    0.9611    0.1582
  79.0000    1.0512    0.0325
  80.0000    0.8032   -0.0781
  81.0000    1.6652   -1.5174
  82.0000    1.3783    1.7552
  83.0000    0.8965    0.3559
  84.0000    1.0165    0.1629
  85.0000    1.0582   -1.0721
  86.0000    0.5751    0.3861
  87.0000    0.6893   -2.7429
  88.0000    1.1146    1.3319
  89.0000    0.7045    0.6322
  90.0000    1.1359   -0.4389
  91.0000    0.9805   -0.3599
  92.0000    0.3209    0.4256
  93.0000    0.9068   -2.3796
  94.0000    1.0892    1.5086
  95.0000    1.8821    0.8763
  96.0000    1.1665   -0.7655
  97.0000    0.9132    0.6081
  98.0000    0.9800    0.1351
  99.0000    1.0052   -0.8844
 100.0000    1.0861    0.9899
 101.0000    1.1187   -0.2238
 102.0000    1.1420   -1.4604
 103.0000    0.9265    1.4389
 104.0000    1.1080   -0.7049
 105.0000    1.0469    0.6231
 106.0000    1.0701    0.1663
 107.0000    0.8058   -0.3318
 108.0000    1.0927   -1.8751
 109.0000    0.9321    2.1945
 110.0000    1.0741   -1.3491
 111.0000    1.0108    1.3314
 112.0000    1.0383   -0.5699
 113.0000    0.8198   -0.5356
 114.0000    1.0652   -1.7290
 115.0000    0.9217    2.7440
 116.0000    1.0058   -1.5004
 117.0000    0.9620    1.2532
 118.0000    1.0115   -1.1771
 119.0000    0.8844   -0.2446
 120.0000    1.0291   -1.4441
 121.0000    0.9321    2.8722
 122.0000    0.9553   -1.2349
 123.0000    0.8605    0.6067
 124.0000    1.0000   -1.4892
 125.0000    0.9804   -0.2048
 126.0000    1.0230   -1.0767
 127.0000    0.9384    2.7841
 128.0000    0.9640   -1.2566
 129.0000    0.8138    0.4023
 130.0000    0.9671   -1.3999
 131.0000    1.0873   -0.3097
 132.0000    1.0015    0.0049
 133.0000    0.9661    2.0305
 134.0000    1.0718   -2.8851
 135.0000    0.6422    2.3582
 136.0000    0.8018   -2.8964
 137.0000    1.1707    1.1933
 138.0000    1.1009    0.7447
 139.0000    1.0534   -0.0673
 140.0000    1.0622   -1.4641
 141.0000    0.3117    0.2394
 142.0000    0.6407   -3.6734
 143.0000    1.1965    2.1268
 144.0000    0.3593   -0.5528
 145.0000    1.0963   -1.8902
 146.0000    0.8983    2.1842
 147.0000    0.7861    0.2088
 148.0000    0.8453   -1.0331
 149.0000    1.0727    0.7458
 150.0000    0.9364   -1.5381
 151.0000    1.1136   -1.8699
 152.0000    0.7942    3.6099
 153.0000    0.9377   -2.3733
 154.0000    0.7546   -0.3026
 155.0000    0.9902   -0.8379
 156.0000    1.0351   -1.1705
 157.0000    1.2045   -1.4691
 158.0000    0.7914    3.3002
 159.0000    0.9147   -1.6273
 160.0000    0.9267    0.0554
 161.0000    0.9851   -0.4198
 162.0000    1.0487   -1.1353
 163.0000    1.1805   -1.6810
 164.0000    0.8480    4.4773
 165.0000    0.9017   -1.1610
 166.0000    1.0135    0.0056
 167.0000    1.0228    0.6898
 168.0000    0.9527   -0.7244
 169.0000    1.1470   -2.2944
 170.0000    0.9284    4.2520
 171.0000    0.9431   -0.7701
 172.0000    1.0921   -1.1847
 173.0000    1.1139    2.4860
 174.0000    1.0285    0.3720
 175.0000    1.0897   -3.7690
 176.0000    1.0761    2.0858
 177.0000    0.0899    0.4227
 178.0000    1.0069   -3.9174
 179.0000    1.2191    3.6803
 180.0000    0.7309    1.8671
 181.0000    1.0221   -3.8082
 182.0000    1.1314   -0.5622
 183.0000    0.6679    0.9475
 184.0000    0.8985   -5.3307
 185.0000    1.2671    3.2502
 186.0000    0.6452    1.0482
 187.0000    0.9960   -1.3572
 188.0000    1.1469   -2.8686
 189.0000    0.8381    1.7377
 190.0000    0.7770   -5.0950
 191.0000    1.3314    0.8907
 192.0000    1.3291    1.8203
 193.0000    1.0509    1.5576
 194.0000    0.9586   -2.8569
 195.0000    0.7711    0.4106
 196.0000    0.7306   -2.5550
 197.0000    1.2714   -1.5079
 198.0000    1.1821   -0.9375
 199.0000    1.1090    3.9119
 200.0000    0.6512   -1.3990
 201.0000    0.3800   -1.4204
 202.0000    0.9042    0.2991
 203.0000    1.1086   -1.9961
 204.0000    1.0858   -3.2295
 205.0000    1.0172    2.7665
 206.0000    0.1114   -1.6537
 207.0000    1.6551    0.3771
 208.0000    1.2081    1.7138
 209.0000    0.6179   -0.1089
 210.0000    1.0714   -2.5576
 211.0000    1.8368   -2.7385
 212.0000    0.5336   -1.8640
 213.0000    2.4945   -0.6207
 214.0000    1.3446    1.9841
 215.0000    1.1875    2.9079
 216.0000    1.2303   -0.0821
 217.0000    1.6780   -3.0859
 218.0000    0.8298    2.3223
 219.0000   -0.9794   -1.5592
 220.0000    1.2221   -0.6351
 221.0000    1.1049    0.9554
 222.0000    1.2206    1.6299
 223.0000    1.0812   -3.1847
 224.0000    1.1580    2.0521
 225.0000    1.2796    0.0772
 226.0000    1.0375   -2.5978
 227.0000    1.3408   -0.7242
 228.0000    2.2072    4.3936
 229.0000    1.1877   -1.1988
 230.0000    1.4717   -1.7429
 231.0000    1.3391    1.4251
 232.0000    0.7032   -0.2118
 233.0000    2.4132   -2.1788
 234.0000    1.5021   -1.6218
 235.0000    1.1176    1.1397
 236.0000    1.1617    2.1912
 237.0000    1.2808   -0.3781
 238.0000    1.2158    2.4756
 239.0000    1.3790    2.4398
 240.0000    0.8238   -1.2003
 241.0000    1.1835   -1.5270
 242.0000    1.1571   -0.2960
 243.0000    0.9400   -1.1190
 244.0000    0.2550    3.4144
 245.0000    1.5504   -4.2860
 246.0000    1.1016    0.8297
 247.0000    0.9699    2.0236
 248.0000    1.2438   -0.8123
 249.0000    0.4704   -2.6055
 250.0000    1.2706    1.7687
 251.0000    0.8477    1.2704
 252.0000    1.1104   -1.1781
 253.0000    0.9812    0.5685
 254.0000    1.0895    0.9695
 255.0000    0.9959   -0.3888
 256.0000    0.9757   -4.8426
 257.0000    1.2454   -2.3971
 258.0000    0.6572    2.2157
 259.0000    0.9665    0.7416
 260.0000    0.8675   -2.3847
 261.0000    1.0287    0.6464
 262.0000    0.9315   -1.6257
 263.0000    1.1765    0.3536
 264.0000    0.9695   -0.0241
 265.0000    1.0019   -0.0601
 266.0000    1.0679    0.9491
 267.0000    0.9551   -0.1650
 268.0000    1.1413    0.2199
 269.0000    0.9642   -3.5258
 270.0000    1.1049   -0.0700
 271.0000    0.8530    3.3232
 272.0000    0.9918   -1.2328
 273.0000    1.3047    0.5506
 274.0000    1.2440   -0.7002
 275.0000    0.9751   -0.1756
 276.0000    0.9703    1.7093
 277.0000    0.6731   -1.3705
 278.0000    0.3413   -1.3212
 279.0000    1.2127    0.5026
 280.0000    0.9041   -0.6591
 281.0000    1.2399   -1.5629
 282.0000    0.4969   -0.0803
 283.0000    0.9437    0.7702
 284.0000    1.1308    0.9099
 285.0000    0.7851   -1.5732
 286.0000    1.1592   -1.0751
 287.0000    0.6382    0.7578
 288.0000    0.8961    1.0425
 289.0000    0.9285   -1.4607
 290.0000    1.1357   -1.2140
 291.0000    1.1834   -0.6960
 292.0000    0.8460   -0.1755
 293.0000    1.0351    0.9035
 294.0000    0.9484   -0.6443
 295.0000    1.0597   -0.5953
 296.0000    0.9591    1.8708
 297.0000    0.9891   -0.7729
 298.0000    0.8143   -0.8994
 299.0000    1.0585    6.9632
 300.0000    1.2306    3.2602
 301.0000    1.0242    1.6838
 302.0000    1.1155   -0.5858
 303.0000    1.0865   -3.0213
 304.0000    1.0962    6.7304
 305.0000    1.2685    3.3744
 306.0000    1.1766    1.7347
 307.0000    1.0389   -0.6584
 308.0000    0.9069   -1.0971
 309.0000    0.7325   -0.6769
 310.0000    1.1584    1.8765
 311.0000    1.1374    1.4438
 312.0000    1.0083   -0.4047
 313.0000    0.8013   -0.4482
 314.0000    0.6040   -1.5764
 315.0000    1.1769    1.8189
 316.0000    1.1294    1.6001
 317.0000    0.9966   -0.2772
 318.0000    0.8039   -0.4931
 319.0000    0.5970   -1.6103
 320.0000    1.1889    1.7626
 321.0000    1.0983    1.5606
 322.0000    1.0244   -0.0751
 323.0000    0.8454   -0.4779
 324.0000    0.7532    1.0951
 325.0000    1.1832    1.0074
 326.0000    1.0510    1.4880
 327.0000    1.0392    0.2528
 328.0000    0.9177   -0.9737
 329.0000    0.8094   -0.8770
 330.0000    1.1807    0.5073
 331.0000    1.0942    0.8189
 332.0000    0.9759    0.5195
 333.0000    0.8479    0.7040
 334.0000    0.9980    0.5460
 335.0000    1.1094   -0.6417
 336.0000    1.2395    4.2372
 337.0000    1.6679   -6.0647
 338.0000    1.1636    0.7968
 339.0000    1.2738    1.4589
 340.0000    1.4857   -0.8074
 341.0000    1.1630    0.6984
 342.0000    0.8986   -1.8866
 343.0000    0.6676    0.7584
 344.0000    1.1169   -0.6122
 345.0000    1.0022   -0.6695
 346.0000    1.2454   -0.8876
 347.0000    0.7549   -1.8850
 348.0000    0.8789    2.7801
 349.0000    1.0450   -1.4642
 350.0000    0.6897   -0.0221
 351.0000    1.1296    0.3898
 352.0000    0.6679   -1.2454
 353.0000    0.8456    1.7164
 354.0000    1.0813   -0.9432
 355.0000    1.0306   -0.1239
 356.0000    0.9937   -0.3815
 357.0000    1.1889   -0.6773
 358.0000    0.9884    0.1500
 359.0000    0.9961    0.4169
 360.0000    1.0935    1.7421
 361.0000    0.9705   -2.5547
 362.0000    0.9581    1.6492
 363.0000    1.1097   -1.5414
 364.0000    1.5202   -0.3171
 365.0000    1.1497    2.1848
 366.0000    0.8805   -2.0283
 367.0000    0.9121    2.3974
 368.0000    1.1106   -1.3381
 369.0000    0.9169   -0.4531
 370.0000    1.0533   -0.7502
 371.0000    1.0373    0.4830
 372.0000    1.0459    0.0609
 373.0000    0.9963    0.3688
 374.0000    1.1766    0.5862
 375.0000    0.8567   -1.0540
 376.0000    1.0433    2.3855
 377.0000    0.9881   -2.3511
 378.0000    2.0381   -3.2705
 379.0000    1.0787    0.7846
 380.0000    1.0669   -0.2103
 381.0000    0.9875    0.4771
 382.0000    1.0390    0.6903
 383.0000    1.1331   -0.4884
 384.0000    0.9661   -1.8373
 385.0000    0.6737    0.6377
 386.0000    1.0580   -0.7837
 387.0000    1.3424    0.6585
 388.0000    1.1836    0.5441
 389.0000    0.8716   -0.1056
 390.0000    0.7259    0.0022
 391.0000    1.0899   -0.0019
 392.0000    0.9947   -0.3841
 393.0000    0.9778   -0.2011
 394.0000    0.8822    0.3512
 395.0000    1.0027   -0.4164
 396.0000    1.0662    0.2880
 397.0000    1.1810   -0.1097
 398.0000    0.7922   -0.4853
 399.0000    0.5147    0.5219
 400.0000    1.2313   -0.0684
 401.0000    1.0799    0.2227
 402.0000    1.1054   -0.0914
 403.0000    0.5188   -0.0008
 404.0000    0.9491   -0.1149
 405.0000    1.0215    0.0253
 406.0000    1.2018    0.1204
 407.0000    0.6036   -0.3166
 408.0000    0.4236    0.3706
 409.0000    1.2312   -0.4220
 410.0000    1.1552    0.1126
 411.0000    1.0292   -0.2937
 412.0000    1.2329   -0.0063
 413.0000    1.0465   -0.0141
 414.0000    1.3979    0.0065
 415.0000    1.1491    0.1973
 416.0000    1.2406   -0.7660
 417.0000    0.9517    0.0145
 418.0000    1.3390    0.4952
 419.0000    0.9148    0.4155
 420.0000    1.1669    0.4401
 421.0000    1.1433   -0.2391
 422.0000    0.8135    0.6417
 423.0000    1.1170   -0.1767
 424.0000    1.1583   -0.4127
 425.0000    1.0223   -0.0264
 426.0000    1.0031   -0.1440
 427.0000    0.9599    0.1810
 428.0000    0.9039   -0.1587
 429.0000    1.1538    0.2512
 430.0000    0.9441   -0.1446
 431.0000    1.6058   -0.0012
 432.0000    1.5286   -0.2468
 433.0000    1.0926    0.1826
 434.0000    1.3816   -0.0865
 435.0000    0.7326    0.0594
 436.0000    0.7486    0.2637
 437.0000    1.1558   -0.0626
 438.0000    1.7202    0.0414
 439.0000    0.6090   -0.3152
 440.0000    0.7944    0.3116
 441.0000    1.1682   -0.1386
 442.0000    1.0848   -0.0999
 443.0000    0.9170    0.0684
 444.0000    0.7080    0.2344
 445.0000    1.1707   -0.0282
 446.0000    1.0005   -0.5974
 447.0000    1.0711    0.3091
 448.0000    0.8988   -0.0379
 449.0000    1.2587    0.1245
 450.0000    1.6529    0.1882
 451.0000    0.7926    0.0951
 452.0000    1.1763   -0.0352
 453.0000    1.0485   -0.2864
 454.0000    0.8921    0.0636
 455.0000    0.9685   -0.2577
 456.0000    1.0565    0.0710
 457.0000    1.2769   -0.0913
 458.0000    0.2467   -0.0041
 459.0000    0.6235    0.0885
 460.0000    1.0832   -0.0252
 461.0000    0.9653    0.1009
 462.0000    0.9395   -0.1492
 463.0000    0.9570    0.1216
 464.0000    1.0348   -0.0893
 465.0000    1.0476   -0.3184
 466.0000    0.8798    0.8513
 467.0000    1.1237   -0.4308
 468.0000    1.0364   -0.1660
 469.0000    1.0244   -0.0551
 470.0000    0.9217   -0.0636
 471.0000    1.1240    0.0906
 472.0000    0.9150   -0.0476
 473.0000    1.0437    0.1998
 474.0000    1.0879    0.0146
 475.0000    0.9787    0.0099
 476.0000    0.8035   -0.0556
 477.0000    0.3683    0.0584
 478.0000    1.0506   -0.1244
 479.0000    0.6943   -0.0141
 480.0000    1.3803    0.0703
 481.0000    0.5332   -0.0936
 482.0000    0.6946    0.1671
 483.0000    1.2988   -0.0579
 484.0000    1.2368   -0.0337
 485.0000   -0.2232   -0.0344
 486.0000   -1.0918    0.3456
 487.0000    0.8404    0.2692
 488.0000    1.0351   -0.2145
 489.0000    1.0947    0.1685
 490.0000    0.9670   -0.1010
 491.0000    1.0303   -0.0040
 492.0000    0.8281    0.0377
 493.0000    0.6902    0.3923
 494.0000    1.1416   -0.2849
 495.0000    0.8808    0.0955
 496.0000    1.1820    0.0746
 497.0000    0.6456   -0.0659
 498.0000    0.9992   -0.5588
 499.0000    0.8813    0.8081
 500.0000    1.1090   -0.1150
 501.0000    1.0355   -0.4898
 502.0000    0.9974   -0.0007
 503.0000    0.9858    0.1338
 504.0000    1.0673    0.0636
 505.0000    1.0361   -0.4783
 506.0000   -0.2191   -0.2270
 507.0000    1.1694   -0.2748
 508.0000    0.9589   -0.2136
 509.0000    1.1107    0.5812
 510.0000    0.9482   -0.6087
 511.0000    0.8496   -0.1687
 512.0000    1.2150    0.0453
 513.0000    1.1750    0.1305
 514.0000    0.5856   -0.0959
 515.0000    0.9467    0.0176
 516.0000    0.8356   -0.0137
 517.0000    1.0889    0.0774
 518.0000    0.8605   -0.2479
 519.0000    1.1483    0.2217
 520.0000    0.7876    0.0080
 521.0000    1.1052   -0.2028
 522.0000    0.8326   -0.1418
 523.0000    1.1083    0.2402
 524.0000    0.7388   -0.6591
 525.0000    1.0355   -0.1139
 526.0000    1.0412    0.1206
 527.0000    0.8831   -0.0051
 528.0000    1.0678   -0.1205
 529.0000    1.3616    0.1183
 530.0000    0.9740    0.2585
 531.0000    1.1110   -0.2245
 532.0000    1.0335    0.0238
 533.0000    0.9529    0.2034
 534.0000    1.1924    0.0380
 535.0000    1.0846   -0.3055
 536.0000    0.9078    0.0403
 537.0000    0.7122    0.0272
 538.0000    0.9720    0.0443
 539.0000    0.7587   -0.0235
 540.0000    0.3826    0.0013
 541.0000    1.2938   -0.0022
 542.0000    0.8591   -0.0140
 543.0000    0.9586    0.0063
 544.0000    0.3651    0.0138
 545.0000    1.3815   -0.0060
 546.0000    0.6696    0.0257
 547.0000    0.6420    0.1555
 548.0000    0.8258    0.1112
 549.0000    1.0668   -0.0829
 550.0000    0.9615   -0.0415
 551.0000    0.7706    0.2346
 552.0000    1.2422    0.0185
 553.0000    0.6000   -0.2551
 554.0000    0.2646    0.2281
 555.0000    1.1704    0.0260
 556.0000    0.2784   -0.0293
 557.0000    0.9507    0.0273
 558.0000    0.7180   -0.0255
 559.0000    1.3013   -0.0212
 560.0000    0.4847    0.0040
 561.0000    0.7328    0.0017
 562.0000    0.9711    0.0034
 563.0000    1.0919    0.0009
 564.0000    0.6151   -0.0041
 565.0000    0.6005    0.0091
 566.0000    1.0899    0.0049
 567.0000    0.9621   -0.0127
 568.0000    0.7787   -0.0002
 569.0000    0.3634    0.0383
 570.0000    1.2709    0.0031
 571.0000    1.0690   -0.0027
 572.0000    1.0894   -0.0705
 573.0000    0.1399    0.0640
 574.0000    1.1830   -0.0271
 575.0000    0.7676    0.0097
 576.0000    0.9415   -0.0010
 577.0000    1.0162    0.0038
 578.0000    1.0274   -0.0176
 579.0000    0.8648    0.0432
 580.0000    1.1639    0.0043
 581.0000    0.6586   -0.0377
 582.0000    0.2453   -0.0054
 583.0000    1.2617   -0.1512
 584.0000    0.7049    0.1379
 585.0000    1.2176   -0.0520
 586.0000    0.7218   -0.0676
 587.0000    1.2034    0.0459
 588.0000    0.6893    0.0004
 589.0000    2.1413    0.0158
 590.0000    0.6028    0.0240
 591.0000    0.9721   -0.0149
 592.0000    1.5843    0.0008
 593.0000    1.2535   -0.0109
 594.0000    0.9207   -0.0046
 595.0000    0.9352   -0.0012
 596.0000    1.2629   -0.0043
 597.0000    0.7930    0.0031
 598.0000    1.1479    0.0008
 599.0000    0.6970    0.0011
 600.0000    1.2442   -0.0031
 601.0000    0.4584   -0.0076
 602.0000    0.4895   -0.0083
 603.0000   -0.6544    0.0004
 604.0000    0.4998    0.0052
 605.0000    1.2538   -0.0029
 606.0000    0.5965   -0.0004
 607.0000    1.2509    0.0066
 608.0000    0.5256   -0.0151
 609.0000   -0.5691   -0.0142
 610.0000    0.0147    0.0003
 611.0000    0.9506   -0.0019
 612.0000    1.0508   -0.0053
 613.0000    1.0630    0.0862
 614.0000   -0.6162    0.0127
 615.0000    0.6348    0.0750
 616.0000    1.1713   -0.1148
 617.0000    1.3810   -0.0744
 618.0000    1.2051    0.0809
 619.0000    0.8438   -0.1079
 620.0000   -0.0441   -0.0265
 621.0000    1.2591   -0.0113
 622.0000    0.7663   -0.0100
 623.0000    1.2354    0.0205
 624.0000    0.5353   -0.0404
 625.0000   -0.2629   -0.0813
 626.0000    0.6187   -0.0259
 627.0000    0.9041   -0.0003
 628.0000    1.0466    0.0007
 629.0000    0.8372   -0.0160
 630.0000    0.7643   -0.0141
 631.0000    1.0597    0.0032
 632.0000    1.0260   -0.0009
 633.0000    0.7078   -0.0060
 634.0000    0.7666   -0.0048
 635.0000    0.7452    0.0064
 636.0000    1.4728   -0.0180
 637.0000    0.5479    0.0540
 638.0000    0.1387   -0.0907
 639.0000    0.6517    0.0493
 640.0000    1.1960   -0.0917
 641.0000    0.7848    0.0185
 642.0000    1.2185    0.1215
 643.0000    0.6005   -0.0725
 644.0000   -0.0727    0.0775
 645.0000    1.3880   -0.2333
 646.0000    0.8527    0.0774
 647.0000    0.9540    0.0248
 648.0000    0.9848   -0.0780
 649.0000    1.2780    0.1976
 650.0000    0.7927   -0.2298
 651.0000    1.0913    0.0943
 652.0000    1.1322   -0.0713
 653.0000    0.7718    0.1651
 654.0000    1.1571   -0.2400
 655.0000    0.7492    0.0765
 656.0000    1.1574    0.1867
 657.0000    0.7646   -0.1942
 658.0000    1.4211    0.2775
 659.0000    0.7824   -0.0276
 660.0000    1.1444    0.0123
 661.0000    0.9350    0.0044
 662.0000    1.1301   -0.0080
 663.0000    0.7533    0.0097
 664.0000   -1.2622    0.0579
 665.0000    0.0647    0.0120
 666.0000    0.3195    0.0432
 667.0000    1.3101   -0.0138
 668.0000    0.6418   -0.0216
 669.0000    1.1481    0.0262
 670.0000    0.9394    0.0046
 671.0000    0.8868   -0.0163
 672.0000    1.1562    0.0158
 673.0000    0.6579    0.0022
 674.0000   -0.2948   -0.0067
 675.0000   -0.5859    0.0005
 676.0000    1.3361    0.0158
 677.0000    0.5888   -0.0269
 678.0000    0.5211    0.0088
 679.0000    0.7548    0.0330
 680.0000    1.2390   -0.0458
 681.0000    1.1403    0.0001
 682.0000    0.9845    0.0449
 683.0000    1.7458   -0.0367
 684.0000    0.7828   -0.0133
 685.0000    2.2334    0.0869
 686.0000    0.6023   -0.0218
 687.0000    1.3674   -0.1753
 688.0000    0.6194    0.1823
 689.0000    1.1254   -0.0334
 690.0000    0.7447   -0.1166
 691.0000    1.0932    0.0334
 692.0000    0.8906    0.0836
 693.0000    1.3749   -0.0750
 694.0000    0.9304   -0.0392
 695.0000    1.2332    0.1046
 696.0000    0.9816    0.0054
 697.0000    0.4695   -0.1109
 698.0000    1.2639    0.0414
 699.0000    0.7736    0.0783
 700.0000    3.0158   -0.0914
 701.0000   -0.5742   -0.0199
 702.0000    0.1656    0.0835
 703.0000    1.3872    0.0067
 704.0000    0.6636   -0.0519
 705.0000    0.7911   -0.3790
 706.0000    0.6475    0.2531
 707.0000    1.2088   -0.1953
 708.0000    0.8362   -0.1245
 709.0000    1.1710    0.1773
 710.0000    0.7249   -0.0194
 711.0000    1.7078    0.1294
 712.0000    0.6697   -0.0560
 713.0000    1.4222    0.0360
 714.0000    1.1411    0.0338
 715.0000    0.7276   -0.0229
 716.0000    0.3143   -0.0324
 717.0000    1.1897    0.0242
 718.0000    1.2606    0.0279
 719.0000    0.8883   -0.0054
 720.0000    2.0181    0.0031
 721.0000    0.8588   -0.0043
 722.0000    0.9576    0.0195
 723.0000    1.2205    0.0138
 724.0000    0.3516   -0.0216
 725.0000    0.1988   -0.0154
 726.0000    1.3689    0.0207
 727.0000    0.9018    0.0012
 728.0000    1.1276   -0.0525
 729.0000    1.0031    0.0002
 730.0000    0.9498    0.0922
 731.0000    1.1644   -0.0069
 732.0000    0.7286    0.1085
 733.0000    1.9179   -0.2439
 734.0000    0.6273    0.0046
 735.0000    0.1897   -0.0123
 736.0000    0.5104   -0.0188
 737.0000    1.2364   -0.0145
 738.0000    0.5485   -0.0072
 739.0000    1.2669    0.0142
 740.0000    0.5191   -0.0374
 741.0000    0.0454   -0.0253
 742.0000    0.6030    0.0232
 743.0000    1.1957   -0.0182
 744.0000    1.2312   -0.1352
 745.0000    0.7332   -0.0218
 746.0000    1.0527    0.1152
 747.0000    1.1090   -0.0523
 748.0000    0.7525   -0.0708
 749.0000    0.4289    0.2612
 750.0000    0.4257   -0.0672
 751.0000    0.5136    0.0065
 752.0000    1.0476    0.0660
 753.0000    0.4932    0.0394
 754.0000    1.1739   -0.6712
 755.0000    0.8011    0.0945
 756.0000    1.1261    0.0699
 757.0000    1.0697   -0.0268
 758.0000    0.8370   -0.0819
 759.0000    0.1849    0.0352
 760.0000    1.2913   -0.0141
 761.0000    0.8533   -0.0442
 762.0000    1.0491   -0.0694
 763.0000   -1.8805    0.2133
 764.0000    1.2941    0.0265
 765.0000    0.7114    0.0797
 766.0000    1.1836    0.0069
 767.0000    0.6091   -0.0205
 768.0000    1.0916   -0.0048
 769.0000    0.8120   -0.0238
 770.0000    0.9689   -0.0262
 771.0000    2.3161   -0.0496
 772.0000    0.8006    0.0171
 773.0000    1.5741    0.0133
 774.0000    1.1187    0.0232
 775.0000    1.0153    0.0032
 776.0000    1.1094   -0.0018
 777.0000    0.6885   -0.0192
 778.0000    0.4539    0.0014
 779.0000    1.3009    0.0043
 780.0000    1.0033   -0.0169
 781.0000    1.3031    0.0427
 782.0000    0.5752   -0.0878
 783.0000    1.5976   -0.0743
 784.0000    0.9107    0.0571
 785.0000    1.0115   -0.0402
 786.0000    0.8417    0.0376
 787.0000    0.9267   -0.0170
 788.0000    1.1347    0.0078
 789.0000    0.6117   -0.0046
 790.0000    3.8511    0.0051
 791.0000    0.7511    0.0126
 792.0000    1.0967   -0.0071
 793.0000    1.0354   -0.0033
 794.0000    1.4490   -0.0050
 795.0000    0.3181    0.0067
 796.0000    1.2674    0.0072
 797.0000    0.8006    0.0092
 798.0000    1.2096    0.0062
 799.0000    1.0028   -0.0086
 800.0000    0.9685   -0.0183
 801.0000    1.3841   -0.0121
 802.0000    0.9877   -0.0093
 803.0000    1.0763    0.0207
 804.0000    1.0310    0.0131
 805.0000    1.1368    0.0167
 806.0000   -0.3763    0.0134
 807.0000   -0.6565   -0.0114
 808.0000    0.5045   -0.0086
 809.0000    1.2613   -0.0182
 810.0000   -0.4992   -0.0486
 811.0000    1.0935    0.0031
 812.0000    0.6917    0.0234
 813.0000    1.1025    0.0347
 814.0000    0.5930   -0.0234
 815.0000    1.8883    0.0805
 816.0000    1.1983    0.0011
 817.0000    1.1093   -0.0145
 818.0000    0.8786   -0.0349
 819.0000    1.0751   -0.0508
 820.0000    0.8881    0.1497
 821.0000    1.1179    0.0574
 822.0000    0.7767   -0.2275
 823.0000    0.5639    0.0709
 824.0000    0.4394   -0.0539
 825.0000    1.4111    0.0316
 826.0000    0.7267   -0.0228
 827.0000    0.8816    0.0021
 828.0000    1.7718    0.0464
 829.0000    1.0928   -0.0065
 830.0000    0.7738    0.0039
 831.0000   -1.4089   -0.0571
 832.0000   -0.2638   -0.0688
 833.0000    0.4606   -0.0006
 834.0000    1.2376    0.0074
 835.0000    0.8062   -0.0220
 836.0000    1.0425   -0.0049
 837.0000    1.2708    0.0193
 838.0000    1.0400    0.0074
 839.0000    0.7629   -0.0049
 840.0000    1.7678   -0.0299
 841.0000    1.8710   -0.0409
 842.0000    1.3425    0.0038
 843.0000    1.2796   -0.0016
 844.0000   -1.1829   -0.0123
 845.0000    0.7573    0.0202
 846.0000    1.1401   -0.0119
 847.0000    0.7302   -0.0156
 848.0000    1.2283    0.0100
 849.0000    0.5135   -0.0206
 850.0000    0.1302   -0.1859
 851.0000    0.5305    0.0911
 852.0000    0.3686    0.2166
 853.0000    1.4859    0.1257
 854.0000    0.9444   -0.0091
 855.0000    1.1421   -0.2103
 856.0000    0.8538    0.1475
 857.0000    0.9982    0.2311
 858.0000    1.1299    0.0863
 859.0000    0.6784   -0.7199
 860.0000    1.8365   -0.3710
 861.0000    0.9892    0.1807
 862.0000   -0.1995   -0.0396
 863.0000    0.7560   -0.0045
 864.0000    1.1306   -0.0467
 865.0000    0.8084    0.0689
 866.0000    1.2456    0.0660
 867.0000    0.6138   -0.1570
 868.0000    1.8117    0.2326
 869.0000    0.7161    0.0358
 870.0000    1.1323    0.0000
 871.0000    0.7061   -0.0175
 872.0000    1.0786   -0.0001
 873.0000    0.2866   -0.0109
 874.0000    0.9045    0.0020
 875.0000    1.2173    0.0017
 876.0000    1.7460    0.0835
 877.0000    1.1656    0.0226
 878.0000    0.3901   -0.0017
 879.0000    1.0174   -0.0065
 880.0000    0.6794    0.0072
 881.0000    1.0836   -0.0061
 882.0000    1.0354    0.0039
 883.0000    0.8050    0.0116
 884.0000    1.3891   -0.0781
 885.0000    0.1486    0.0547
 886.0000    1.3275   -0.0225
 887.0000    0.6796    0.0161
 888.0000    1.2132   -0.0099
 889.0000    0.4658    0.0229
 890.0000    0.0252    0.0387
 891.0000    1.3939   -0.0314
 892.0000    1.1161   -0.0048
 893.0000    1.2815    0.0069
 894.0000    0.4699   -0.0025
 895.0000    0.3227    0.0210
 896.0000    1.3514    0.0015
 897.0000    0.6732    0.0272
 898.0000    1.4139   -0.0281
 899.0000    0.6508   -0.0609
 900.0000    0.1981    0.0429
 901.0000    1.3200   -0.0243
 902.0000    0.5980    0.0133
 903.0000    1.3834    0.0092
 904.0000    0.2567   -0.0022
 905.0000    0.3171    0.0321
 906.0000    1.3670   -0.0299
 907.0000    1.0718    0.0369
 908.0000    1.3006    0.2693
 909.0000    1.0467   -0.1932
 910.0000    0.6261    0.1555
 911.0000    1.1759   -0.0932
 912.0000    0.5551   -0.0110
 913.0000    1.3128    0.0155
 914.0000    0.1391   -0.0042
 915.0000    0.5825    0.0508
 916.0000    1.2507    0.0685
 917.0000    0.8565    0.0298
 918.0000    0.9229    0.0111
 919.0000    1.1499    0.0583
 920.0000    1.2224   -0.1280
 921.0000    0.6394   -0.0652
 922.0000    1.2897    0.0257
 923.0000    0.2682    0.0013
 924.0000    0.0647    0.1691
 925.0000    1.1991   -0.2476
 926.0000    1.1125   -0.1520
 927.0000    0.7492    0.6617
 928.0000    1.1991   -0.0885
 929.0000    0.5198   -0.5750
 930.0000    0.4682   -0.2303
 931.0000    1.0821    0.0925
 932.0000    0.5017   -0.0246
 933.0000    0.1986    0.0324
 934.0000    1.4035   -0.0276
 935.0000    0.7937   -0.0120
 936.0000    1.1351    0.0202
 937.0000   -0.0303    0.0376
 938.0000    1.4405    0.1297
 939.0000    0.8509    0.0908
 940.0000    0.7705    0.7413
 941.0000    0.9969   -0.3256
 942.0000    0.4950   -0.2356
 943.0000    0.5973   -0.1784
 944.0000    1.3181   -0.1263
 945.0000    0.9200   -0.2465
 946.0000    1.6805    0.6962
 947.0000    0.7420   -0.3614
 948.0000    0.8321    0.0314
 949.0000    0.9473   -0.0454
 950.0000    0.2822   -0.0014
 951.0000    1.2822   -0.0070
 952.0000    0.7832   -0.0073
 953.0000    0.9702    0.0228
 954.0000    0.9139    0.0847
 955.0000    0.8374   -0.1336
 956.0000    0.8045   -0.0089
 957.0000    0.8600    0.0691
 958.0000    1.2747   -0.0019
 959.0000   -0.0473   -0.0261
 960.0000    1.3436    0.0880
 961.0000    1.3129    0.0022
 962.0000    1.0171   -0.0061
 963.0000    1.1069   -0.0623
 964.0000    0.6366    0.0176
 965.0000    1.0774   -0.0110
 966.0000    0.9178   -0.0017
 967.0000    0.7947   -0.0085
 968.0000    0.9332    0.0028
 969.0000    0.8169    0.0147
 970.0000    1.1196   -0.0121
 971.0000    1.2095   -0.1334
 972.0000    1.2430    0.0022
 973.0000   -2.3739   -0.2070
 974.0000    1.3861   -0.2716
 975.0000    1.0467    0.1692
 976.0000    1.0035   -0.3255
 977.0000    0.9488   -0.0509
 978.0000    0.9940    0.0020
 979.0000    1.0998    0.0049
 980.0000    0.6292    0.0114
 981.0000    1.1005    0.0261
 982.0000    0.7234    0.0270
 983.0000    1.2839    0.0885
 984.0000    0.6017    0.1684
 985.0000    1.0939    0.0606
 986.0000    1.3815    0.1275
 987.0000    1.2031    0.3010
 988.0000    0.9653    0.2110
 989.0000    0.5078   -0.1778
 990.0000    1.2402    0.2279
 991.0000    1.0793   -0.2693
 992.0000    1.7772    0.0274
 993.0000    0.8765   -0.4611
 994.0000    0.6709   -0.0984
 995.0000    1.7604   -0.1169
 996.0000    1.2241   -0.2024
 997.0000    0.6883    0.0887
 998.0000    1.1746    0.0673
 999.0000    0.2827   -0.5129
1000.0000    1.0314    0.2404
1001.0000    0.8698    0.1428
1002.0000    1.1740   -0.1509
1003.0000    0.8071    0.0613
1004.0000    1.0138   -0.0676
1005.0000    0.3599   -0.1326
1006.0000    0.6316    0.0924
1007.0000    1.0012   -0.0364
1008.0000    1.6270   -0.0503
1009.0000    0.5467    0.0333
1010.0000    1.1730    0.0815
1011.0000    2.0847   -0.0117
1012.0000    0.9042    0.1020
1013.0000    1.3701   -0.0223
1014.0000    1.9319    0.0194
1015.0000    0.4651   -0.0018
1016.0000    1.1691    0.1700
1017.0000    1.1451   -0.0137
1018.0000    1.2462    0.1341
1019.0000    0.7425    0.0648
1020.0000    0.4135    0.2008
1021.0000    1.2442   -0.0062
1022.0000    3.1622   -0.0059
1023.0000    6.3737   -0.0510
1024.0000    1.4778    0.0472
1025.0000    0.6191    0.0144
1026.0000    1.2968   -0.0097
1027.0000    2.6413   -0.0496
1028.0000    0.9168    0.0101
1029.0000    0.1638   -0.1369
1030.0000    1.6163    0.1176
1031.0000    1.2719   -0.0366
1032.0000    0.2099   -0.0559
1033.0000    1.1929    0.0508
1034.0000    1.0890   -0.0266
1035.0000    0.9459    0.0150
1036.0000    1.1280    0.0383
1037.0000    1.5913    0.0284
1038.0000    0.6307    0.0435
1039.0000    1.0169    0.0029
1040.0000    0.5976   -0.0081
1041.0000    0.9847    0.0041
1042.0000    0.3836   -0.0004
1043.0000    3.1736    1.0195
1044.0000    0.8770   -0.0023
1045.0000    0.6785   -0.0093
1046.0000    2.7781    0.3217
1047.0000    1.0178   -0.0763
1048.0000   -0.7305    0.1152
1049.0000    4.6710    0.1271
1050.0000    0.9609   -0.1480
1051.0000    0.7505   -0.8694
1052.0000    3.8233    0.0031
1053.0000    0.9662    0.0713
1054.0000    0.8272   -0.9866
1055.0000    1.0423    0.8724
1056.0000    1.1252   -0.0433
1057.0000    0.9446    0.0549
1058.0000    0.5405   -0.1760
1059.0000    1.1581    0.0002
1060.0000    2.7282   -0.1585
1061.0000    1.0750    0.4230
1062.0000    1.4131   -0.2904
1063.0000    1.5756    0.2912
1064.0000    0.4525    0.7228
1065.0000    1.9036    0.0820
1066.0000    0.9133   -0.2740
1067.0000   -1.2303    1.3733
1068.0000    1.7015   -0.0864
1069.0000    0.2795   -0.1644
1070.0000    0.1210   -0.1012
1071.0000    0.4147   -0.1535
1072.0000    0.1657   -0.0762
1073.0000    1.3480   -2.0860
1074.0000    0.7770    3.5999
1075.0000    1.6251    0.6169
1076.0000    1.8000   -1.0255
1077.0000    1.3963    0.0882
1078.0000    1.8607    4.8860
1079.0000    1.7209   -0.1864
1080.0000   -0.0457   -1.2149
1081.0000    1.1508    1.3345
1082.0000    0.6084    0.3157
1083.0000    1.2704    0.0048
1084.0000   -0.3982   -0.4688
1085.0000    1.4505    0.1013
1086.0000   -0.2919    0.8366
1087.0000    1.0521    0.6389
1088.0000    0.5724   -0.1815
1089.0000    1.0328   -1.1490
1090.0000    0.5300   -1.2876
1091.0000   -0.2766    1.4108
1092.0000    0.7703   -0.1229
1093.0000   -0.2358   -0.4689
1094.0000    0.8018   -0.2842
1095.0000    1.4329   -0.1266
1096.0000    0.9638    2.4492
1097.0000    0.7246    1.6524
1098.0000    0.3902   -0.0081
1099.0000    0.7281    0.0428
1100.0000    1.9311   -0.0318
1101.0000    0.5203   -0.2430
1102.0000   -0.2044   -0.1664
1103.0000    2.0880   -0.0712
1104.0000    0.9220   -0.0359
1105.0000    2.3730    0.2944
1106.0000    1.6776    0.0086
1107.0000    1.2563   -0.8941
1108.0000    2.6644    0.1836
1109.0000    0.6464    1.7053
1110.0000    1.0462    0.1512
1111.0000    1.3770    0.2516
1112.0000    0.4288   -1.5069
1113.0000    0.3027   -0.3562
1114.0000    1.4386    0.3103
1115.0000    0.6641    0.0280
1116.0000    0.7419   -0.0870
1117.0000    2.8026   -0.0645
1118.0000    1.2336   -1.2540
1119.0000    1.0254    0.6343
1120.0000    1.2692    0.6871
1121.0000    0.2087    0.2456
1122.0000    0.4693   -0.0829
1123.0000    1.1857   -0.1307
1124.0000    1.2948    0.4114
1125.0000    1.5204   -0.2087
1126.0000    1.3185   -0.2674
1127.0000    1.1806    0.0017
1128.0000    0.6972    0.3695
1129.0000    1.3453   -0.4847
1130.0000    1.3662    0.2601
1131.0000    0.6399    0.4840
1132.0000    0.8544    0.4827
1133.0000    0.9611   -0.5629
1134.0000    1.1192    1.2163
1135.0000    0.3254    0.3137
1136.0000    0.4775   -0.1734
1137.0000    1.1866   -0.0148
1138.0000    1.4715   -0.2801
1139.0000    1.1031   -0.1282
1140.0000    0.7156   -0.1068
1141.0000    1.3743   -0.0234
1142.0000    0.3554    0.7464
1143.0000    1.1404    0.0665
1144.0000    0.6817    0.8857
1145.0000   -0.0013   -1.9176
1146.0000    0.9224   -0.2214
1147.0000    1.5617    1.0298
1148.0000    1.0235   -0.1169
1149.0000    1.0334    0.2069
1150.0000    0.8155   -0.2007
1151.0000    1.4408    1.8615
1152.0000    0.7877    0.4078
1153.0000    1.2787    0.0503
1154.0000    0.8562    0.3500
1155.0000    1.2066   -0.7477
1156.0000    0.7783   -0.8781
1157.0000    0.9319   -0.2890
1158.0000    1.5832   -0.3222
1159.0000    1.2045    2.8317
1160.0000    0.6852    0.0019
1161.0000    1.4658    0.1245
1162.0000    2.6613    1.3427
1163.0000    0.4128   -0.0101
1164.0000    1.3892    0.1311
1165.0000    3.4455    5.3848
1166.0000    0.4020   -3.0332
1167.0000    1.2016    0.5510
1168.0000   -0.7106    3.8888
1169.0000    0.7735    0.0732
1170.0000    1.6759    0.5150
1171.0000    0.3434   -0.7941
1172.0000    0.5650    0.0554
1173.0000    3.1823   -1.2064
1174.0000    0.0199    2.1873
1175.0000    0.3663    0.3021
1176.0000    0.6721    0.1603
1177.0000    0.5607   -0.5386
1178.0000    1.3694    0.4531
1179.0000    0.8636    0.2097
1180.0000    1.0667   -2.4190
1181.0000    1.0078    0.1114
1182.0000    1.0324   -0.9597
1183.0000    2.8310    0.2287
1184.0000    2.5784   -3.9032
1185.0000    1.2454   -2.2324
1186.0000    1.1288    0.7815
1187.0000    0.5711    0.9122
1188.0000    1.3511   -0.9869
1189.0000    0.9627   -0.1866
1190.0000    1.7094    1.5911
1191.0000    0.4846    0.1484
1192.0000    0.7487    0.2981
1193.0000    1.1967    0.3378
1194.0000    1.1862    0.1296
1195.0000    0.5084   -2.5074
1196.0000    1.1524    0.1348
1197.0000    0.9961    0.0557
1198.0000    0.9598    0.3070
1199.0000    0.7202    0.4919
1200.0000    1.1484    0.3497
1201.0000    1.3321   -0.0798
1202.0000    1.1962   -0.2115
1203.0000    0.6972   -0.0508
1204.0000    0.5983   -0.1293
1205.0000    1.7034    1.2762
1206.0000    1.3975   -0.4109
1207.0000    1.0998   -0.0675
1208.0000    1.1282    0.1184
1209.0000    1.5669   -0.2656
1210.0000    0.9034    0.0026
1211.0000    1.6541    0.0592
1212.0000    1.3217   -0.1887
1213.0000    1.3456   -0.7196
1214.0000   -0.0231    0.9238
1215.0000    1.0445   -0.1005
1216.0000    0.6741    0.0753
1217.0000    1.1760    0.2180
1218.0000    1.2757    0.2258
1219.0000    1.2164    0.1632
1220.0000    0.7619   -0.2231
1221.0000    0.4683    0.0139
1222.0000    1.5852    0.4255
1223.0000    2.1972   -0.1190
1224.0000    0.7382   -0.1124
1225.0000    2.0081    0.0309
1226.0000    1.0583   -0.0446
1227.0000    1.5259   -0.0023
1228.0000    2.0418    0.0873
1229.0000    1.6583   -0.3631
1230.0000    0.2331    0.6175
1231.0000    1.2165    0.0450
1232.0000    1.0941   -0.0834
1233.0000    0.9457   -0.3050
1234.0000    0.8594    0.0478
1235.0000    2.2416    0.0571
1236.0000    1.0985    0.0408
1237.0000    2.2555    0.2403
1238.0000    1.2404   -0.1232
1239.0000    1.1448    0.1424
1240.0000    1.3438   -0.1477
1241.0000    1.2568    0.0624
1242.0000    0.5124    0.0724
1243.0000    1.0465   -0.0556
1244.0000    0.9819    0.1021
1245.0000    1.2135   -0.0019
1246.0000    1.2360   -0.0545
1247.0000    0.1903    0.0134
1248.0000    0.3982   -0.0569
1249.0000    0.0802    0.0687
1250.0000    0.7560    0.1920
1251.0000    1.0708   -0.0677
1252.0000    0.8921   -0.0429
1253.0000    1.0042    0.0057
1254.0000    1.1733    0.1588
1255.0000    0.8323    0.0150
1256.0000    1.8217    0.0018
1257.0000    0.8075   -0.0158
1258.0000    1.2458    0.0046
1259.0000    0.7604   -0.0033
1260.0000    1.1333    0.0026
1261.0000    1.7871   -0.0292
1262.0000    0.3989   -0.0195
1263.0000    1.3041    0.0130
1264.0000    0.8394   -0.0053
1265.0000    1.0405    0.0324
1266.0000    0.7233    0.0002
1267.0000    1.1583   -0.0656
1268.0000    0.7690   -0.0227
1269.0000    1.1279    0.1457
1270.0000    0.9525    0.0003
1271.0000    1.0701   -0.0639
1272.0000    0.8458   -0.1679
1273.0000    1.0596    0.0661
1274.0000    0.9251    0.0111
1275.0000    1.0512    0.1633
1276.0000    0.6879    0.0109
1277.0000    0.4461   -0.0799
1278.0000    0.6666    0.0049
1279.0000    0.3587   -0.1412
1280.0000    0.6796    0.2798
1281.0000    1.1998   -0.3530
1282.0000    0.8582    0.0124
1283.0000    1.1633    0.0784
1284.0000    0.6604   -0.0578
1285.0000    1.9991    0.3126
1286.0000    0.8807   -0.0570
1287.0000   -0.0531   -0.2294
1288.0000    1.2580    0.0710
1289.0000    0.6976    0.0815
1290.0000    1.1918   -0.2395
1291.0000    0.8819    0.3349
1292.0000    1.1879    0.1140
1293.0000    0.6577   -0.2868
1294.0000    0.4756    0.0901
1295.0000    0.6448    0.0018
1296.0000    1.2524   -0.0461
1297.0000    1.2573   -0.0146
1298.0000    1.6990    0.1092
1299.0000    1.2823    0.0016
1300.0000    1.4444    0.0162
1301.0000    0.6486   -0.0732
1302.0000    1.0936   -0.1040
1303.0000    0.7469    0.0737
1304.0000    1.0558    0.0498
1305.0000    1.4934   -0.0360
1306.0000    1.2120   -0.0006
1307.0000    0.8025    0.3640
1308.0000    1.0219    0.0084
1309.0000    1.1092   -0.3954
1310.0000    1.0770    0.3594
1311.0000    0.8551   -0.3120
1312.0000    0.9129   -0.0385
1313.0000    1.8236    0.0038
1314.0000    1.0497   -0.0305
1315.0000    1.2983    0.1279
1316.0000    0.8837    0.0507
1317.0000    0.9839   -0.0127
1318.0000    1.4474    0.0299
1319.0000    0.8952   -0.0226
1320.0000    0.6572    0.0110
1321.0000    1.9779   -0.0241
1322.0000    0.7413    0.0037
1323.0000    0.3311    0.0368
1324.0000    1.0347   -0.0831
1325.0000    0.9725   -0.0394
1326.0000    1.0307   -0.0080
1327.0000    0.8430   -0.0404
1328.0000    0.4161   -0.1316
1329.0000    2.1764    0.3974
1330.0000    0.5380   -0.2754
1331.0000    1.2405   -0.2251
1332.0000    0.5907    0.2280
1333.0000    1.3501   -0.3343
1334.0000    0.8807    0.0665
1335.0000    1.0284    0.1694
1336.0000    1.0216    0.1945
1337.0000    1.0713   -0.0268
1338.0000    0.7727   -0.2003
1339.0000    1.0550    0.2455
1340.0000    0.9986   -0.2507
1341.0000    0.9569   -0.0037
1342.0000    1.1283    0.3401
1343.0000    0.9093   -0.1494
1344.0000    1.3470    0.0481
1345.0000    0.8216    0.1715
1346.0000    1.0856   -0.2656
1347.0000    0.8428    0.0293
1348.0000    1.1688    0.1838
1349.0000    0.6118   -0.1455
1350.0000    0.8053    0.0505
1351.0000    1.1862    0.0519
1352.0000    0.7540   -0.2114
1353.0000   -0.4963    0.1429
1354.0000    0.4864    0.0601
1355.0000    0.2730   -0.2743
1356.0000    0.0373    0.1240
1357.0000    1.2265   -0.0022
1358.0000    1.4888   -0.5921
1359.0000   -0.3205    0.3088
1360.0000    1.1897   -0.5298
1361.0000    0.8828   -0.1980
1362.0000    1.0415    0.6396
1363.0000    0.9404   -0.4521
1364.0000    0.9481   -0.3092
1365.0000    0.6583    0.7011
1366.0000    1.0697   -0.5036
1367.0000    1.3960   -0.2280
1368.0000    1.5984    1.2357
1369.0000    1.1113   -0.4179
1370.0000    0.7376   -0.1768
1371.0000   -0.4111    0.1815
1372.0000    1.4444   -0.8012
1373.0000    1.3657    0.3898
1374.0000    0.9304    0.2397
1375.0000   -0.7596   -0.4862
1376.0000   -5.4915    0.2281
1377.0000    0.2500    0.0529
1378.0000    1.0358   -0.7674
1379.0000   -0.1590    0.3701
1380.0000    0.2091   -0.1378
1381.0000   -0.0923   -0.1679
1382.0000   -0.3581    0.5844
1383.0000    1.4463   -0.0024
1384.0000    0.8932   -0.1607
1385.0000    1.1758    0.0315
1386.0000    0.5853    0.0470
1387.0000    0.2266    0.2311
1388.0000    0.0476    0.1489
1389.0000    0.9372   -0.2962
1390.0000    1.1711    0.0048
1391.0000    0.8518    0.0805
1392.0000    1.0933   -0.1765
1393.0000    1.1264    0.0458
1394.0000    1.1218   -0.0056
1395.0000    1.0039   -0.0804
1396.0000    0.7460    0.0454
1397.0000    1.4598   -0.0241
1398.0000    0.4466    0.0095
1399.0000    0.7381   -0.0556
1400.0000    0.8653    0.0232
1401.0000    2.3213    0.1438
1402.0000    0.6296   -0.2109
1403.0000   -1.1697   -0.0462
1404.0000    1.6832   -0.1365
1405.0000    1.1175   -0.1943
1406.0000    0.8240    0.2908
1407.0000    0.8636   -0.1746
1408.0000    1.1312   -0.3934
1409.0000    0.9022    0.8804
1410.0000    1.0080   -0.7574
1411.0000    0.9365    0.1138
1412.0000    1.0285   -0.1417
1413.0000    0.9627    0.0291
1414.0000    1.0873    0.3608
1415.0000    0.9519   -0.5173
1416.0000    0.9510    0.4244
1417.0000    0.5369   -0.0659
1418.0000    1.1588   -0.1895
1419.0000    0.9969    0.2901
1420.0000    0.7614   -0.4554
1421.0000    0.5399    0.4589
1422.0000    1.2045   -0.0942
1423.0000    0.7570   -0.2918
1424.0000    1.1725    0.3820
1425.0000    0.2460   -0.2566
1426.0000    2.2721    0.4519
1427.0000    0.5606   -0.0315
1428.0000    1.2822   -0.2672
1429.0000    0.8478    0.3410
1430.0000    2.3740   -0.6367
1431.0000    1.2332    0.4616
1432.0000    0.9490   -0.3576
1433.0000    0.9596    0.3399
1434.0000    1.0768    0.2479
1435.0000    1.0324   -0.6623
1436.0000    1.0163    0.2077
1437.0000    0.9485    0.0310
1438.0000    1.0138   -0.1385
1439.0000    1.4845    0.2669
1440.0000    2.8192   -0.4146
1441.0000    0.7030    0.1187
1442.0000    0.9657   -0.0864
1443.0000    0.8254    0.0366
1444.0000    1.0810    0.1900
1445.0000    0.3066   -0.2012
1446.0000    1.4971    0.0401
1447.0000    1.0565   -0.0517
1448.0000    1.3387    0.0624
1449.0000    1.0942   -0.1566
1450.0000    0.9057   -0.1513
1451.0000    1.4210    0.1542
1452.0000    0.7762   -0.0338
1453.0000    0.6183   -0.1234
1454.0000    0.8936    0.5908
1455.0000    1.1055   -0.6038
1456.0000    0.9626   -0.0304
1457.0000    1.1094    0.4929
1458.0000    0.8569   -0.4146
1459.0000    1.0987    0.2323
1460.0000    0.9074   -0.0164
1461.0000    0.9561    0.0426
1462.0000    1.8994   -0.0995
1463.0000    0.9456   -0.0247
1464.0000    0.7421    0.0255
1465.0000    0.7864    0.0497
1466.0000    0.2464   -0.0195
1467.0000    1.5909   -0.0709
1468.0000    1.5393   -0.1735
1469.0000    0.6066    0.0022
1470.0000    1.0807   -0.0513
1471.0000    1.2950    0.0433
1472.0000    1.2091   -0.0291
1473.0000    0.7686   -0.0360
1474.0000    1.5704    0.2690
1475.0000    1.3500   -0.0499
1476.0000    0.9500   -0.0578
1477.0000    1.0342    0.4040
1478.0000    1.4058   -0.1112
1479.0000    0.8412    0.0722
1480.0000    1.1631   -0.7798
1481.0000    0.8326    0.9117
1482.0000    0.9514   -0.4425
1483.0000    0.6818    0.0916
1484.0000    1.1315    0.3917
1485.0000    0.9102   -0.4884
1486.0000    1.0767    0.2326
1487.0000    1.2507   -0.0393
1488.0000    1.0510   -0.0699
1489.0000    1.6166    0.8176
1490.0000    0.8546   -0.3433
1491.0000    0.7494    0.1290
1492.0000    0.9638   -0.4363
1493.0000    0.8564    0.3908
1494.0000    1.1105   -0.5219
1495.0000    1.2002    0.0656
1496.0000    1.1291    0.5936
1497.0000    0.9163   -0.7592
1498.0000    0.4615    1.3589
1499.0000    2.0131   -1.8748
1500.0000    1.5540    0.2242
1501.0000    2.0026    0.6094
1502.0000   -2.4807    0.5498
1503.0000    1.2921   -0.0711
1504.0000    2.5878    1.1870
1505.0000    1.3308   -1.1350
1506.0000    0.9231    0.6059
1507.0000    1.0578   -0.4095
1508.0000    0.9314   -0.6273
1509.0000    0.9769    0.6374
1510.0000    1.0148   -0.3345
1511.0000    1.1057    0.3568
1512.0000    0.9687   -0.1308
1513.0000    0.9228    0.1039
1514.0000    1.1408   -0.1838
1515.0000    1.1682    0.0824
1516.0000    0.1236    1.0514
1517.0000    1.1290   -0.5546
1518.0000    0.7524    0.0807
1519.0000    1.1622   -0.0451
1520.0000    0.3370    0.0147
1521.0000    0.5494   -0.0033
1522.0000    0.9067    0.1242
1523.0000    1.4641    0.1796
1524.0000    1.0235    0.3271
1525.0000    1.3494    0.1068
1526.0000    0.0009   -0.0270
1527.0000    0.5011    0.2539
1528.0000    1.0673   -0.4926
1529.0000    1.0529   -0.3807
1530.0000    1.0703   -0.0158
1531.0000    1.0535    0.6236
1532.0000    1.1469    0.4399
1533.0000    0.0482   -2.5918
1534.0000    1.1178    1.4817
1535.0000    0.6218    2.4064
1536.0000    1.2673   -1.3347
1537.0000    0.4109   -1.3861
1538.0000    0.9671    0.0513
1539.0000    0.9761   -0.9369
1540.0000    0.7683    0.7411
1541.0000    0.9779    1.4882
1542.0000    1.2660   -3.4447
1543.0000    0.8756    0.5215
1544.0000    1.0464    0.8338
1545.0000    1.1046    0.3216
1546.0000    0.9679   -0.4534
1547.0000    1.1081    1.7934
1548.0000    0.2886   -0.5078
1549.0000    0.8589   -0.4685
1550.0000    0.7202    0.0047
1551.0000    0.8985    0.1905
1552.0000    1.0416    0.9296
1553.0000    0.5286    0.4447
1554.0000    0.9642   -0.0759
1555.0000    1.2218   -0.6063
1556.0000    1.1982    0.1775
1557.0000    1.4493   -2.0322
1558.0000    0.2689    0.0244
1559.0000    1.8425   -0.4099
1560.0000    0.6339    0.0736
1561.0000    0.8335   -0.6842
1562.0000    1.4030    0.5903
1563.0000    1.2675   -0.2736
1564.0000    0.8778   -2.8981
1565.0000    1.0291   -0.2916
1566.0000    1.1155    1.2731
1567.0000    0.9204   -0.8230
1568.0000    1.2293   -2.7995
1569.0000    1.1649    0.7543
1570.0000    0.7776   -0.1039
1571.0000    1.1201   -1.1552
1572.0000    0.7680   -0.1755
1573.0000    1.0826    0.1869
1574.0000    1.0003    2.0966
1575.0000    0.8177   -0.8475
1576.0000    1.1293   -0.4760
1577.0000    0.7188   -2.3925
1578.0000    1.1608    1.6394
1579.0000    1.0321    1.1427
1580.0000    1.0557   -2.1075
1581.0000    1.3331    1.7512
1582.0000    1.4124   -0.4025
1583.0000    1.4147    0.0210
1584.0000    0.9669    1.5133
1585.0000    1.0215   -0.1950
1586.0000    1.3229   -0.1538
1587.0000    0.8320   -0.5131
1588.0000    1.2109   -1.2877
1589.0000    0.4938    5.9833
1590.0000    0.9123   -3.3963
1591.0000    1.2384   -1.3690
1592.0000    0.5619    1.9222
1593.0000    1.1952   -1.6518
1594.0000    1.2305    1.5457
1595.0000    0.9087    0.1211
1596.0000    0.9785    0.6346
1597.0000    1.1747    0.8915
1598.0000    0.7806   -2.3834
1599.0000    1.0605    1.9953
1600.0000    1.0005    1.8088
1601.0000    1.4310   -0.5473
1602.0000    1.9024    1.3630
1603.0000    0.9817   -0.3842
1604.0000    1.0403   -0.1486
1605.0000    1.1131    0.2998
1606.0000    0.8358   -0.3523
1607.0000    1.5043    0.4505
1608.0000    0.3959   -0.5749
1609.0000    0.9633   -0.7995
1610.0000    1.0197    2.6606
1611.0000    1.1617   -4.7099
1612.0000    1.5439    4.1671
1613.0000    0.6453   -2.7148
1614.0000    1.0596   -2.5483
1615.0000    0.6902    1.1599
1616.0000    1.2916   -0.3317
1617.0000    0.8774    4.2187
1618.0000    1.1158   -1.6014
1619.0000    0.7574    0.4470
1620.0000    1.3450   -0.1542
1621.0000    1.4389    2.1980
1622.0000    1.0622   -1.4152
1623.0000    0.8671   -0.8958
1624.0000    0.9665    0.9822
1625.0000    1.0581   -0.2129
1626.0000    0.5557   -0.5687
1627.0000    1.2773    2.7202
1628.0000    1.4110   -2.1549
1629.0000    1.6590   -8.6334
1630.0000    1.4909    3.9923
1631.0000    1.2461    2.1101
1632.0000    1.4530   -3.2999
1633.0000    1.0050    0.0783
1634.0000    0.8753    4.1470
1635.0000    0.7540   -0.5587
1636.0000    1.5744   -1.7385
1637.0000    0.4180    1.4047
1638.0000    1.6883    1.7527
1639.0000    0.8705   -3.2351
1640.0000    1.1266   -1.4337
1641.0000    0.5966    1.0712
1642.0000    1.0091    0.1998
1643.0000    0.8052   -1.0298
1644.0000    1.1260    0.2382
1645.0000    0.7726    0.2775
1646.0000    1.5394   -0.5997
1647.0000    1.0621   -0.1009
1648.0000    0.9412    0.2600
1649.0000    1.0348    0.1078
1650.0000    1.2260    0.4411
1651.0000    1.0349   -0.4089
1652.0000    0.9142    0.1731
1653.0000    1.8814    0.0311
1654.0000    1.0537   -0.0301
1655.0000    0.9167    0.0185
1656.0000    1.3923   -0.8458
1657.0000    1.0876   -0.9418
1658.0000    1.0855    0.0422
1659.0000    1.0379    0.3814
1660.0000    1.1885   -2.6716
1661.0000    1.0612   -1.0486
1662.0000    0.9747    1.9743
1663.0000    1.9690    1.1788
1664.0000    2.0510    0.1687
1665.0000    1.6273   -0.9710
1666.0000    0.8624    1.2574
1667.0000    1.0170    0.8081
1668.0000    0.9579    0.4438
1669.0000    0.8157    0.3328
1670.0000    1.1225   -1.6946
1671.0000    0.8334    0.5498
1672.0000    0.8367   -0.4973
1673.0000    1.3154    0.0438
1674.0000    0.9943    0.2188
1675.0000    0.9834    0.6454
1676.0000    0.9934    0.0249
1677.0000    0.6770    0.6059
1678.0000    1.1326   -0.1948
1679.0000    0.5090    0.8325
1680.0000    0.8480    0.6380
1681.0000    0.7496   -0.5779
1682.0000    1.1616    1.1651
1683.0000    0.9483   -2.0289
1684.0000    0.9550    0.3948
1685.0000    1.0770    1.5146
1686.0000    0.8451   -1.4558
1687.0000    1.2950    1.0114
1688.0000    0.5607    0.1020
1689.0000    1.5950    0.4970
1690.0000    1.4124   -0.8331
1691.0000    0.8652    1.0166
1692.0000    1.0142   -1.5029
1693.0000    1.4128   -3.5443
1694.0000    1.0999   -0.1350
1695.0000    1.1221   -1.4839
1696.0000    1.1273    0.1376
1697.0000    0.4810    0.5546
1698.0000    1.0182    0.0008
1699.0000    0.9032   -0.1523
1700.0000    0.9393   -0.0414
1701.0000    1.1921   -0.4740
1702.0000    1.0730   -0.2012
1703.0000    1.0499    0.4209
1704.0000    1.0326   -0.1710
1705.0000    2.0632   -0.0688
1706.0000    0.9211   -0.6581
1707.0000    0.9880    0.9460
1708.0000    1.0885    0.1994
1709.0000    1.0443   -1.1558
1710.0000    1.2812    0.5714
1711.0000    0.9700    1.9853
1712.0000    0.9292   -2.4875
1713.0000    1.2250    0.6659
1714.0000    0.9386    0.2109
1715.0000    0.6081   -2.9747
1716.0000    1.1312    2.2251
1717.0000    0.9848   -3.6404
1718.0000    1.0046    2.0932
1719.0000    0.9911    0.3657
1720.0000    0.8524   -1.1845
1721.0000    1.1650    0.8400
1722.0000    0.8804   -2.4369
1723.0000    0.8466    0.7451
1724.0000    1.4701   -0.6220
1725.0000    0.7700    0.3955
1726.0000    1.0395   -0.1146
1727.0000    1.0925    0.4743
1728.0000    1.4518   -0.4600
1729.0000    0.7942   -0.0364
1730.0000    0.5093    0.3297
1731.0000    0.9999    4.3856
1732.0000    1.1942   -3.2032
1733.0000    1.6144   -0.3645
1734.0000    1.1047    1.8298
1735.0000    0.9975   -2.6930
1736.0000    0.9037   -1.3683
1737.0000    1.0661    1.1058
1738.0000    1.0229    0.1631
1739.0000    1.1848   -1.9339
1740.0000    1.3385    1.1112
1741.0000    0.9528    2.9734
1742.0000    1.0694   -1.5952
1743.0000    0.9653    1.1520
1744.0000    1.0660    0.4130
1745.0000    0.9840   -0.2997
1746.0000    0.8903   -0.2983
1747.0000    0.9475   -0.6175
1748.0000    1.3936    1.7497
1749.0000    1.0202   -0.9762
1750.0000    0.9356   -0.4635
1751.0000    0.9941    0.5572
1752.0000    1.0508   -0.2397
1753.0000    1.0236    0.1206
1754.0000    0.9924    1.5063
1755.0000    1.0084   -2.0080
1756.0000    1.1895   -0.3004
1757.0000    1.2840   -0.8631
1758.0000    0.9413   -0.0948
1759.0000    1.1045    0.9063
1760.0000    0.9690    0.5663
1761.0000    1.0279   -0.7634
1762.0000    0.9176    0.0088
1763.0000    1.2910    0.3953
1764.0000    1.0918   -0.4054
1765.0000    0.9400   -0.2637
1766.0000    1.1089    0.3132
1767.0000    1.0088   -0.0957
1768.0000    1.0007    0.6449
1769.0000    1.0909   -0.7441
1770.0000    1.2081   -0.4058
1771.0000    0.8996    0.4605
1772.0000    1.1016    0.2614
1773.0000    0.7100   -0.6524
1774.0000    1.0870   -0.1668
1775.0000    0.8420   -0.0102
1776.0000    1.0514    0.3133
1777.0000    0.8778   -0.1455
1778.0000    1.1478    0.6860
1779.0000    0.9667    0.0427
1780.0000    1.6921   -0.3015
1781.0000    1.6757    0.3962
1782.0000    1.0573    0.1954
1783.0000    1.0065    0.1835
1784.0000    1.0035   -0.4713
1785.0000    1.0822    0.3770
1786.0000    1.0430   -0.2607
1787.0000    1.2951    0.4023
1788.0000    1.4868   -0.1490
1789.0000    1.3424   -0.7927
1790.0000    1.2618    0.3327
1791.0000    1.1941    0.5022
1792.0000    0.9723   -0.5523
1793.0000    0.9702    0.1874
1794.0000    1.1733   -0.0817
1795.0000    1.3702    0.1830
1796.0000    1.3290    0.1975
1797.0000    0.9541    0.0811
1798.0000    1.2177   -0.2437
1799.0000    1.3262    0.0883
1800.0000    0.9598   -0.3799
1801.0000    0.9863    0.9800
1802.0000    1.0525   -0.7620
1803.0000    0.9181    0.2168
1804.0000    1.2153   -0.0376
1805.0000    1.0597    0.0421
1806.0000    1.0149   -0.1099
1807.0000    1.0540   -0.1147
1808.0000    0.6688   -0.1036
1809.0000    1.1089   -0.0171
1810.0000    0.9784   -0.0593
1811.0000    1.1798    0.0601
1812.0000    0.8614    0.0084
1813.0000    1.1176    0.0138
1814.0000    0.8994   -0.1562
1815.0000    1.0333    0.4451
1816.0000    1.0091   -0.2085
1817.0000    1.1035   -0.0975
1818.0000    1.4770   -0.1924
1819.0000    2.7765   -2.1360
1820.0000    0.9932    0.2509
1821.0000    1.1149   -0.3317
1822.0000    1.2551   -0.0497
1823.0000    0.9420   -0.1149
1824.0000    0.5832    0.1622
1825.0000    1.2532    0.1548
1826.0000    1.1256    0.1134
1827.0000    1.0020    0.1287
1828.0000    1.0032   -0.2644
1829.0000    1.0247    0.0982
1830.0000    0.9955   -0.0433
1831.0000    1.2537   -0.2247
1832.0000    0.9864    0.0319
1833.0000    0.9017   -0.2295
1834.0000    0.9849    0.6089
1835.0000    1.0976   -0.0376
1836.0000    0.7793   -0.0920
1837.0000    1.0369    0.5819
1838.0000    1.0245   -0.9824
1839.0000    0.9398    0.3389
1840.0000    1.0041   -0.0828
1841.0000    0.9108    0.1922
1842.0000    1.2977   -0.4294
1843.0000    0.2040    0.3948
1844.0000    1.2757    0.0257
1845.0000    0.9535   -0.2157
1846.0000    1.4420    0.3487
1847.0000    1.0643    0.1728
1848.0000    0.9911   -0.0670
1849.0000    1.0044    0.2330
1850.0000    0.9615   -0.4519
1851.0000    0.9530    0.1706
1852.0000    0.8968    0.1925
1853.0000    1.1506   -0.3784
1854.0000    0.8465    0.5538
1855.0000    1.1682   -0.3952
1856.0000    0.7484    0.4320
1857.0000    1.1699   -0.1333
1858.0000    0.9365   -0.0402
1859.0000    0.7336    1.3465
1860.0000    1.0543   -0.5563
1861.0000    1.0790    0.5712
1862.0000    1.0237   -0.2269
1863.0000    1.0073    0.0706
1864.0000    0.9782    0.0172
1865.0000    0.9885    0.1132
1866.0000    0.9966   -0.1784
1867.0000    0.9715    0.4786
1868.0000    1.0236   -0.1378
1869.0000    1.2096   -0.1455
1870.0000    1.0231    0.2845
1871.0000    1.0309   -0.4172
1872.0000    0.9748    0.1691
1873.0000    0.8827   -0.0422
1874.0000    0.8061   -0.0455
1875.0000    0.6484    0.0986
1876.0000    1.1243   -0.1162
1877.0000    0.9961   -0.4499
1878.0000    0.8612    0.1086
1879.0000    1.1012    0.0102
1880.0000    1.0355    0.0899
1881.0000    1.0357   -0.0606
1882.0000    0.7960   -0.3235
1883.0000    1.1222    0.2499
1884.0000    0.4362    0.1082
1885.0000    1.3092    0.1869
1886.0000    1.3991    0.0753
1887.0000    0.9856   -0.2984
1888.0000    1.0085    0.0540
1889.0000    0.9806    0.1631
1890.0000    0.9961    0.0829
1891.0000    1.2608   -0.3863
1892.0000    1.1197   -0.3369
1893.0000    0.9718    0.1779
1894.0000    0.9770    0.1437
1895.0000    1.0166    0.0102
1896.0000    1.0052   -0.0411
1897.0000    0.9686    0.0645
1898.0000    0.8386   -0.1057
1899.0000    1.0799    0.0012
1900.0000    1.5741   -0.1113
1901.0000    1.6702    0.1519
1902.0000    1.1048    0.0103
1903.0000    0.9099   -0.0628
1904.0000    0.8185    0.0696
1905.0000    1.0903   -0.1591
1906.0000    0.8975    0.3327
1907.0000    1.1186   -0.2216
1908.0000    0.9729   -0.1145
1909.0000    0.7994   -0.2979
1910.0000    1.1645    0.0730
1911.0000    1.0611    0.0134
1912.0000    0.9789    0.0991
1913.0000    1.0731   -0.0882
1914.0000    0.9143   -0.2526
1915.0000    1.1647   -0.2786
1916.0000    0.7360    0.0372
1917.0000    1.1611    0.0918
1918.0000    1.0872   -0.2445
1919.0000    0.9335    0.2983
1920.0000    0.9799    0.0707
1921.0000    0.9538   -0.3288
1922.0000    1.0749    0.1456
1923.0000    0.7612   -0.1138
1924.0000    0.9528   -0.4120
1925.0000    1.1192    0.2409
1926.0000    0.7245   -0.0239
1927.0000    1.1632   -0.4575
1928.0000    1.6450   -0.3639
1929.0000    0.7113    0.1851
1930.0000    1.0335   -0.1260
1931.0000    1.0572   -0.0380
1932.0000    0.9468   -0.0939
1933.0000    1.0136    0.2095
1934.0000    1.1459   -0.0343
1935.0000    1.3330   -0.0113
1936.0000    0.9953   -0.0247
1937.0000    0.9295   -0.2305
1938.0000    0.9961   -0.1182
1939.0000    1.0650    0.3779
1940.0000    1.0257    0.0636
1941.0000    1.0471   -0.0713
1942.0000    0.9521    0.1173
1943.0000    0.7729    0.0133
1944.0000    1.1002    0.0314
1945.0000    1.4606   -0.1080
1946.0000    1.3925    0.0368
1947.0000    1.0889    0.0810
1948.0000    0.9498   -0.1382
1949.0000    0.9554   -0.0811
1950.0000    1.0283    0.1396
1951.0000    1.0068   -0.0524
1952.0000    1.3941   -0.6212
1953.0000    2.1591   -0.1232
1954.0000    1.0087    0.0052
1955.0000    0.9878    0.0892
1956.0000    0.1750    0.8241
1957.0000    1.1269    0.2008
1958.0000    1.0542    0.0465
1959.0000    1.0787   -0.1361
1960.0000    0.9430   -0.3163
1961.0000    1.0029    0.2420
1962.0000    1.0133   -0.0172
1963.0000    1.0118   -0.1836
1964.0000    0.9132    0.3895
1965.0000    1.0733   -0.4325
1966.0000    1.3705    0.2544
1967.0000    1.1248    0.2677
1968.0000    0.9865   -0.5286
1969.0000    1.0124    0.0620
1970.0000    0.8840    0.0123
1971.0000    1.2184   -0.0600
1972.0000    0.9015    0.1870
1973.0000    1.0129   -0.4110
1974.0000    1.0208    0.3369
1975.0000    1.0484    0.3447
1976.0000    0.9183    0.1566
1977.0000    1.1640   -0.1131
1978.0000    0.9959   -0.1328
1979.0000    1.1131    0.1891
1980.0000    1.5610    0.0298
1981.0000    1.0417   -0.0291
1982.0000    1.0734   -0.1442
1983.0000    1.0069   -0.2826
1984.0000    0.6702    0.0736
1985.0000    1.1269    0.0316
1986.0000    0.9681    0.2843
1987.0000    1.0142   -0.1981
1988.0000    0.9585   -0.0507
1989.0000    1.1026    0.5011
1990.0000    1.0376    0.1958
1991.0000    1.0293   -0.0814
1992.0000    0.7012   -0.5061
1993.0000    1.1346    0.3854
1994.0000    1.0606    0.3876
1995.0000    1.0376   -0.3867
1996.0000    0.9172   -0.1311
1997.0000    0.4134    0.1578
1998.0000    1.1317   -0.2122
1999.0000    0.9248    0.0074
2000.0000    0.8630   -0.1655
2001.0000    0.9335   -0.0137
2002.0000    1.0043    0.0596
2003.0000    1.0180    0.0618
2004.0000    1.0029   -0.1642
2005.0000    0.1788    0.0888
2006.0000    2.4851   -1.2483
2007.0000    1.3951    0.2132
2008.0000    0.6191   -0.0315
2009.0000    1.3074   -0.0105
2010.0000    1.1487   -0.0796
2011.0000    0.6559    0.1867
2012.0000    1.0172    0.0931
2013.0000    0.2717   -0.0523
2014.0000    1.1973    0.0938
2015.0000    1.0354    0.1116
2016.0000    0.9869   -0.0070
2017.0000    0.6495   -0.0162
2018.0000    1.0805   -0.2654
2019.0000    0.9559    0.1483
2020.0000    1.0717    0.0971
2021.0000    0.9315   -0.4364
2022.0000    1.1182    0.1517
2023.0000    0.9635    0.1209
2024.0000    1.0315    0.1499
2025.0000    0.8674   -0.4228
2026.0000    1.0379    0.2177
2027.0000    1.0633    0.3063
2028.0000    0.9176   -0.5925
2029.0000    1.6043    0.2889
2030.0000   -0.1546   -0.1251
2031.0000    0.9759   -0.2904
2032.0000    0.9892    0.4117
2033.0000    0.7094   -0.5946
2034.0000    1.2655    0.3278
2035.0000    1.0010    0.1862
2036.0000    1.2771   -0.2490
2037.0000    1.2870   -0.0273
2038.0000    0.9279    0.0415
2039.0000    0.8345   -0.4252
2040.0000    1.0557   -0.0346
2041.0000    0.9828   -0.0721
2042.0000    0.4893    0.1401
2043.0000    1.0988   -0.0607
2044.0000    0.9357    0.0216
2045.0000    0.7930    0.0040
2046.0000    1.0204   -0.4881
2047.0000    1.2283    0.6554
2048.0000    1.0156   -0.0015
2049.0000    1.0565   -0.3092
2050.0000    1.0474   -0.1205
2051.0000    1.1372    0.0907
2052.0000    1.0730   -0.2716
2053.0000    0.8907   -0.1164
2054.0000    0.9843   -0.6281
2055.0000    1.1578    0.9058
2056.0000    0.0437    0.0735
2057.0000    0.9403   -0.3780
2058.0000    0.8367    0.7976
2059.0000    1.5165    0.0510
2060.0000    1.2976   -0.9932
2061.0000    1.2485    0.4693
2062.0000    0.8802    0.3378
2063.0000    1.0205    0.1194
2064.0000    1.2498    0.3416
2065.0000    0.8684    0.1302
2066.0000    1.0629   -0.0769
2067.0000    0.9680   -0.1565
2068.0000    0.8324    0.2319
2069.0000    0.7220   -0.1575
2070.0000    0.8844    0.0063
2071.0000    1.0336    0.0527
2072.0000    1.1207   -0.0174
2073.0000    1.0150   -0.0055
2074.0000    0.7895   -0.0746
2075.0000    0.4978   -0.1199
2076.0000    0.7163   -0.1580
2077.0000    1.0439   -0.0997
2078.0000    1.0371   -0.0220
2079.0000    1.0941    0.0980
2080.0000    0.8386    0.3523
2081.0000    0.8352   -0.3470
2082.0000    1.1051    0.8719
2083.0000    0.9333   -0.6317
2084.0000    2.4757    0.6333
2085.0000    0.7034    0.3688
2086.0000    1.3066    0.3695
2087.0000    1.1086   -0.5455
2088.0000    1.0321   -0.1325
2089.0000    0.9580    0.0506
2090.0000    1.0611    0.1117
2091.0000    0.4553   -0.1108
2092.0000    0.8865   -0.0932
2093.0000    1.1085    0.1115
2094.0000    0.9997    0.1623
2095.0000    1.0445   -0.0499
2096.0000    0.9521   -0.0307
2097.0000    0.8879   -0.1357
2098.0000    1.0049    0.0102
2099.0000    0.9435   -0.3560
2100.0000    1.1599    0.5226
2101.0000    0.9401    0.1861
2102.0000    1.0710   -0.2284
2103.0000    0.9668   -0.1078
2104.0000    1.0212   -0.1408
2105.0000    0.8036   -0.0720
2106.0000    0.8474    0.0303
2107.0000    1.0642   -0.0765
2108.0000    0.9519   -0.3095
2109.0000    1.1034    0.5811
2110.0000    1.1656    0.6310
2111.0000    1.0305   -0.6034
2112.0000    0.9518    0.0225
2113.0000    1.0137    0.1387
2114.0000    1.0223   -0.0750
2115.0000    1.0140    0.0041
2116.0000    0.9191    0.0237
2117.0000    1.2812    0.1344
2118.0000    1.0382   -0.1060
2119.0000    0.6508    0.0062
2120.0000    1.0782    0.0024
2121.0000    1.1641   -0.0379
2122.0000    0.8532    0.0143
2123.0000    1.0155    0.0126
2124.0000    1.0855   -0.0279
2125.0000    0.9028    0.0348
2126.0000    0.7537   -0.1225
2127.0000    0.6854    0.1946
2128.0000    1.0566   -0.2427
2129.0000    1.5484   -0.6808
2130.0000    1.4345    0.4697
2131.0000    1.4711    0.1219
2132.0000    1.0755   -0.0704
2133.0000    0.9511   -0.1606
2134.0000    0.9514    0.2554
2135.0000    1.1355    0.0663
2136.0000    1.3716   -0.2165
2137.0000   -0.7442   -0.0511
2138.0000    0.9791    0.0977
2139.0000    1.1570    0.1264
2140.0000    0.7414   -0.1515
2141.0000    0.4789    0.1201
2142.0000    0.7023   -0.4077
2143.0000    0.7989    0.3452
2144.0000    1.1528   -0.0443
2145.0000    0.9741   -0.1178
2146.0000    0.1586    0.4402
2147.0000    1.2076    0.0702
2148.0000    1.1013   -0.2073
2149.0000    0.9933    0.0983
2150.0000    0.5472   -0.0446
2151.0000    0.9036    0.2786
2152.0000    1.1065   -0.1999
2153.0000    1.1140   -0.0460
2154.0000    1.2386    0.4131
2155.0000    1.1592   -0.2591
2156.0000    0.9979    0.1002
2157.0000    1.0596    0.2009
2158.0000    0.9036   -0.2622
2159.0000    0.8118    0.2052
2160.0000    1.1920   -0.0271
2161.0000    0.9019    0.0123
2162.0000    1.0760   -0.1361
2163.0000    0.0965   -0.5352
2164.0000    1.2367    0.9981
2165.0000    0.1647    0.1281
2166.0000    1.2386   -0.4049
2167.0000    0.8569   -0.4011
2168.0000    1.1467   -0.1433
2169.0000    0.5790    0.1601
2170.0000    1.6047    0.6852
2171.0000    1.1681   -0.0206
2172.0000    1.0460   -0.8657
2173.0000    0.8189   -0.5415
2174.0000    0.4955   -0.2443
2175.0000    0.9266   -0.0069
2176.0000    0.6943    0.3775
2177.0000    0.4520    1.2188
2178.0000    0.6692    0.1199
2179.0000    1.2494   -0.4060
2180.0000    1.5506   -0.8163
2181.0000    0.9261   -1.0215
2182.0000    0.6114   -0.3793
2183.0000    0.9825    0.2582
2184.0000    0.8488    0.3575
2185.0000    1.1726    0.9795
2186.0000    0.9327    0.2918
2187.0000    0.5158   -0.0799
2188.0000    1.0921    0.7374
2189.0000    1.3584    0.2582
2190.0000    1.4644    0.2918
2191.0000    1.2821   -0.0125
2192.0000    1.6730   -0.3245
2193.0000    1.5215    0.0617
2194.0000    1.6678   -0.1400
2195.0000    1.4070    0.1499
2196.0000    1.2745    0.2045
2197.0000    1.0623    0.0877
2198.0000    0.9304   -0.0822
2199.0000    0.7986   -0.1118
2200.0000    1.3290   -0.0975
2201.0000    1.1964   -0.0142
2202.0000    1.0539    0.1015
2203.0000    0.8500    0.1387
2204.0000    0.7874    0.0611
2205.0000    1.2171   -0.2547
2206.0000    1.2229    0.0346
2207.0000    0.6094    0.1409
2208.0000    1.2434   -0.1177
2209.0000    0.5575    0.0330
2210.0000    1.2389   -0.0367
2211.0000    1.2267    0.0605
2212.0000    0.8771   -0.0462
2213.0000    1.0326    0.3333
2214.0000    1.0818   -0.0445
2215.0000    1.2702   -0.1149
2216.0000    0.9200   -0.1401
2217.0000    0.2849   -0.1925
2218.0000    1.2428    0.1645
2219.0000    1.0709   -0.0605
2220.0000    1.5021   -0.0055
2221.0000    0.9336    0.1552
2222.0000    0.6358    0.0375
2223.0000    1.2506   -0.0570
2224.0000   -0.5303    0.5702
2225.0000    1.3940   -0.5617
2226.0000    2.8489   -0.2203
2227.0000    2.0261   -0.4358
2228.0000    0.8522    0.0805
2229.0000    1.7474    0.1687
2230.0000    1.7761    0.2694
2231.0000   -0.1014   -0.0998
2232.0000    1.4995   -0.0602
2233.0000    1.0467   -0.1791
2234.0000    0.1243   -0.0783
2235.0000    1.6521    0.0904
2236.0000    0.9628   -0.0403
2237.0000    0.6620    0.0671
2238.0000    1.4594   -0.1862
2239.0000   -0.3088   -0.0252
2240.0000    0.9033   -0.0526
2241.0000    1.3588   -0.0157
2242.0000    1.8409   -0.1814
2243.0000    0.0445    0.4839
2244.0000    1.9700   -0.1056
2245.0000    0.0331   -0.1146
2246.0000    1.3899   -0.2579
2247.0000    1.0907    0.2679
2248.0000    0.6525   -0.3420
2249.0000    2.8369    0.0363
2250.0000    0.5114    0.0540
2251.0000    0.9479    0.2670
2252.0000    2.9201   -0.2297
2253.0000   -0.1229   -0.0990
2254.0000    2.2869    0.2018
2255.0000   -0.1598   -0.2955
2256.0000    1.1712    0.6629
2257.0000   -0.7778   -0.3342
2258.0000    2.1280   -0.4722
2259.0000    1.3962    0.2885
2260.0000    0.5987   -0.2719
2261.0000    2.4736   -0.3982
2262.0000   -1.3751    0.9790
2263.0000   -1.4389   -0.2799
2264.0000   -0.0640   -0.4446
2265.0000    0.6472    0.2359
2266.0000    1.1304    0.3081
2267.0000    2.1609   -0.8899
2268.0000   -0.2874    0.5476
2269.0000    0.9710   -0.2131
2270.0000    1.6671   -0.7651
2271.0000    1.2672    0.1755
2272.0000    1.3674    0.6945
2273.0000    0.6288   -0.1766
2274.0000    0.2086   -0.4266
2275.0000    1.3846    0.5372
2276.0000    0.3549    0.2095
2277.0000   -0.2615   -0.1445
2278.0000    1.8067    1.0179
2279.0000    0.9851    0.2602
2280.0000   -0.3787   -0.3659
2281.0000    2.7141    0.1477
2282.0000    1.8154    0.8982
2283.0000   -0.8026    0.0063
2284.0000    1.6112   -1.1114
2285.0000    0.2090    1.0705
2286.0000    1.8993    0.6186
2287.0000    1.0383    0.1002
2288.0000   -0.9162   -0.3857
2289.0000    1.5912   -0.0003
2290.0000    0.1599    0.4769
2291.0000    0.8490    0.2601
2292.0000    0.8779   -0.1972
2293.0000    0.9443   -0.0275
2294.0000    0.5226    0.0417
2295.0000    0.6295   -0.0442
2296.0000    2.7203    0.0312
2297.0000   -1.7181   -0.0284
2298.0000    2.3786    0.1812
2299.0000    4.1073   -0.5619
2300.0000    2.2604   -0.0023
2301.0000    1.1827   -0.0952
2302.0000    1.8950    0.1723
2303.0000    1.0657   -0.0515
2304.0000    1.2419    0.0436
2305.0000    0.7009   -0.0285
2306.0000    0.7691   -0.0464
2307.0000    1.1562   -0.0694
2308.0000   -1.0751   -0.3556
2309.0000    2.3817    0.0453
2310.0000   -1.2856   -0.4512
2311.0000    1.4277    0.0743
2312.0000   -0.9510   -0.1711
2313.0000    0.3346    0.4547
2314.0000    1.3706   -0.1868
2315.0000   -0.3814    1.3005
2316.0000    0.1687   -0.0232
2317.0000    1.6338    0.1103
2318.0000    2.3347   -0.4944
2319.0000    1.6397    0.4459
2320.0000    0.3715   -0.1394
2321.0000    1.4950    0.0764
2322.0000    0.7101    0.0120
2323.0000    1.0474    0.1530
2324.0000    0.8523   -0.1377
2325.0000    0.9972   -0.0923
2326.0000    0.5704    0.2628
2327.0000    1.4173   -0.5748
2328.0000    2.2450    0.3128
2329.0000    0.0750   -0.1348
2330.0000    2.2771   -0.0001
2331.0000   -0.2881    0.9522
2332.0000   -1.4376   -0.0710
2333.0000   -0.4413    0.8358
2334.0000   -2.0604   -0.9149
2335.0000   -0.1622    0.0383
2336.0000    0.9397   -0.1410
2337.0000    1.6801   -0.2567
2338.0000    0.3746   -0.1031
2339.0000    1.0698    0.0445
2340.0000    0.2625    0.0521
2341.0000    1.4191    0.0538
2342.0000    2.0931    0.6694
2343.0000   -0.9791    0.1290
2344.0000    8.7946    0.3992
2345.0000    1.2073    0.0034
2346.0000   -1.7992    0.1418
2347.0000   -1.4678    0.2940
2348.0000    0.6169   -0.2467
2349.0000   -1.5111   -0.1727
2350.0000   -1.0628    0.2708
2351.0000   -6.3982    0.0622
2352.0000   -2.1115   -0.2065
2353.0000   -0.0567    0.0719
2354.0000   -2.5117   -0.2034
2355.0000   -5.4641   -0.6913
2356.0000   -5.2428   -2.5037
2357.0000   -1.1400   -0.1802
2358.0000   -1.3740   -0.1803
2359.0000    3.4401    0.0906
2360.0000   -2.6864   -2.5270
2361.0000    2.0668    0.0505
2362.0000   -0.3991   -0.1706
2363.0000   -0.5178   -0.1914
2364.0000    0.5821   -0.0319
2365.0000    1.7160   -0.0523
2366.0000    1.8809   -0.0748
2367.0000    1.5915   -0.0396
2368.0000    1.2918   -0.0024
2369.0000    1.0780    0.0331
2370.0000    0.9641    0.0817
2371.0000    0.9520    0.0921
2372.0000    1.0003   -0.0224
2373.0000    1.0318   -0.1269
2374.0000    1.0511   -0.0403
2375.0000    1.0619    0.0064
2376.0000    0.9529    0.1520
2377.0000    0.9004    0.2043
2378.0000    1.0496   -0.0868
2379.0000    1.0630   -0.1302
2380.0000    0.9441    0.0575
2381.0000    1.0054    0.0136
2382.0000    0.9925   -0.0119
2383.0000    1.0143    0.0080
2384.0000    0.9859   -0.0119
2385.0000    1.0157    0.0069
2386.0000    0.9978    0.0031
2387.0000    0.9888   -0.0001
2388.0000    0.9742    0.0009
2389.0000    1.0072    0.0023
2390.0000    1.0055   -0.0008
2391.0000    1.0110   -0.0017
2392.0000    1.0174   -0.0004
2393.0000    0.9876   -0.0012
2394.0000    1.0130    0.0049
2395.0000    0.9984   -0.0006
2396.0000    0.8951   -0.0031
2397.0000    1.0404   -0.0000
2398.0000    0.9984   -0.0004
2399.0000    1.1139   -0.0030
2400.0000    0.9949   -0.0025
2401.0000    0.9472    0.0064
2402.0000    0.9741   -0.0007
2403.0000    1.0051    0.0006
2404.0000    1.0554   -0.0012
2405.0000    0.9041    0.0010
2406.0000    1.1030   -0.0014
2407.0000    0.9025    0.0038
2408.0000    1.0801   -0.0026
2409.0000    1.0108    0.0029
2410.0000    0.9457   -0.0025
2411.0000    1.0399   -0.0050
2412.0000    0.8921    0.0073
2413.0000    1.0934    0.0048
2414.0000    1.0431   -0.0149
2415.0000    1.0420    0.0029
2416.0000    1.1186   -0.0094
2417.0000    0.7906    0.0056
2418.0000    1.1417    0.0022
2419.0000    0.9351    0.0013
2420.0000    0.9779   -0.0018
2421.0000    1.0753   -0.0005
2422.0000    1.0486    0.0079
2423.0000    0.9377   -0.0043
2424.0000    1.0124    0.0050
2425.0000    1.0393    0.0008
2426.0000    0.8157   -0.0044
2427.0000    1.1219    0.0029
2428.0000    0.8950    0.0074
2429.0000    1.3094   -0.0405
2430.0000    1.0634    0.0026
2431.0000    1.5670   -0.0019
2432.0000    0.7034    0.0014
2433.0000    1.3002   -0.0043
2434.0000    0.9578    0.0444
2435.0000    1.0952    0.0024
2436.0000    0.2469   -0.0023
2437.0000    0.8230   -0.0057
2438.0000    0.9885   -0.0070
2439.0000    1.1162   -0.0004
2440.0000    1.0698    0.0086
2441.0000    1.0663    0.0084
2442.0000    1.0763    0.0033
2443.0000    0.6555   -0.0162
2444.0000    0.7171   -0.0113
2445.0000    1.1114    0.0077
2446.0000    1.1426    0.0074
2447.0000    0.8996   -0.0040
2448.0000    0.9000   -0.0077
2449.0000    0.9325   -0.0016
2450.0000    1.1654    0.0052
2451.0000    0.9344    0.0013
2452.0000    1.0045   -0.0024
2453.0000    1.0768   -0.0017
2454.0000    0.8360   -0.0010
2455.0000    0.9085    0.0064
2456.0000    0.9140    0.0005
2457.0000    1.2265   -0.0098
2458.0000    0.9875    0.0011
2459.0000    1.6089    0.0250
2460.0000    1.0720   -0.0056
2461.0000    0.7120   -0.0279
2462.0000    1.2368    0.0100
2463.0000    1.4520    0.0215
2464.0000    1.0293   -0.0098
2465.0000    0.5673   -0.0240
2466.0000    1.1901    0.0083
2467.0000    1.0480    0.0019
2468.0000    1.4071   -0.0206
2469.0000    0.7605    0.0316
2470.0000    1.0730    0.0031
2471.0000    0.7056   -0.0122
2472.0000    1.2638    0.0033
2473.0000    1.0820    0.0023
2474.0000    0.6720   -0.0072
2475.0000    1.1384   -0.0007
2476.0000    1.0333    0.0027
2477.0000    0.7911   -0.0042
2478.0000    1.1701    0.0011
2479.0000    0.9525    0.0007
2480.0000    0.8549    0.0003
2481.0000    1.2178    0.0019
2482.0000    0.8572   -0.0028
2483.0000    1.4940    0.0134
2484.0000    1.0771    0.0014
2485.0000    1.6080   -0.0081
2486.0000    1.1236   -0.0004
2487.0000    0.9235   -0.0010
2488.0000    0.9980    0.0000
2489.0000    1.0418    0.0001
2490.0000    0.9994    0.0000
2491.0000    1.2294   -0.0021
2492.0000    1.6036   -0.0111
2493.0000    0.5305    0.0047
2494.0000    0.9455   -0.0012
2495.0000    0.8186    0.0005
2496.0000    1.1367   -0.0011
2497.0000    1.0942    0.0001
2498.0000    1.0226   -0.0007
2499.0000    0.9840   -0.0015
2500.0000    1.1479   -0.0028
2501.0000    0.9061    0.0007
2502.0000    1.2486    0.0041
2503.0000    1.1332   -0.0053
2504.0000    1.0522   -0.0237
2505.0000    1.0937   -0.0068
2506.0000    1.0032    0.0041
2507.0000    0.6990    0.0007
2508.0000    1.2400   -0.0003
2509.0000    0.8979   -0.0004
2510.0000    0.7984    0.0002
2511.0000    0.3819    0.0025
2512.0000    1.3305   -0.0081
2513.0000    0.6769    0.0014
2514.0000    1.1258    0.0123
2515.0000    0.5856    0.0058
2516.0000    1.6604   -0.0012
2517.0000    0.8191   -0.0041
2518.0000    1.0417    0.0219
2519.0000    0.8973    0.0018
2520.0000    1.1925    0.0042
2521.0000    0.9083   -0.0007
2522.0000    1.5016    0.0380
2523.0000    0.8307   -0.0322
2524.0000    0.9944   -0.0004
2525.0000    0.5863    0.0131
2526.0000    1.4707   -0.0154
2527.0000    0.8038   -0.0177
2528.0000    1.3470    0.0033
2529.0000    1.1932    0.0057
2530.0000    0.8051   -0.0099
2531.0000    0.9307    0.0158
2532.0000    0.5730   -0.0030
2533.0000    1.0884    0.0064
2534.0000    1.5520   -0.0267
2535.0000    2.2889   -0.0268
2536.0000    1.1737   -0.0182
2537.0000    1.1092    0.0739
2538.0000    1.2936    0.0636
2539.0000    0.5060   -0.0517
2540.0000    1.1010   -0.1013
2541.0000    1.6020    0.0743
2542.0000    0.8718    0.0023
2543.0000    0.9974   -0.0175
2544.0000    1.2269    0.0669
2545.0000    0.5984   -0.0085
2546.0000    0.9993    0.0071
2547.0000    1.4658   -0.1557
2548.0000    0.4352    0.1908
2549.0000    1.0110    0.0058
2550.0000    2.2898    0.2315
2551.0000    1.3564    0.0741
2552.0000    1.1286    0.0533
2553.0000    0.7483   -0.0249
2554.0000    0.7787   -0.0609
2555.0000    1.1075   -0.0620
2556.0000    1.3612    0.1020
2557.0000    1.4306    0.0219
2558.0000    1.2692   -0.0761
2559.0000   -0.0811    0.1330
2560.0000    1.6982   -0.0850
2561.0000    1.6382    0.0485
2562.0000    0.2501    0.0361
2563.0000    1.4373   -0.0471
2564.0000    1.3617    0.0042
2565.0000    1.3256   -0.0780
2566.0000    0.8406    0.0238
2567.0000    0.6575    0.0386
2568.0000    0.6384    0.0662
2569.0000    1.7250   -0.1369
2570.0000    0.9963    0.0401
2571.0000    0.7662    0.0579
2572.0000    1.0794   -0.0380
2573.0000    1.1423    0.0097
2574.0000    0.5667    0.0623
2575.0000    1.7105   -0.1025
2576.0000    0.8791    0.0156
2577.0000   -1.4030    0.1450
2578.0000    1.1026    0.0015
2579.0000    1.1586   -0.0054
2580.0000   -0.5804    0.0205
2581.0000    0.6119   -0.0060
2582.0000    0.9678    0.0021
2583.0000    0.5446   -0.0986
2584.0000    1.0009    0.0003
2585.0000    0.6166    0.0633
2586.0000    1.1086   -0.0050
2587.0000    0.5264    0.0257
2588.0000    0.9302    0.0024
2589.0000    0.9052    0.0047
2590.0000    0.7739    0.0083
2591.0000    1.3989    0.0087
2592.0000    1.0234   -0.0143
2593.0000    1.1246    0.0199
2594.0000    0.5602    0.0219
2595.0000    0.8994   -0.0036
2596.0000    0.7581    0.0083
2597.0000    1.0731    0.0034
2598.0000    0.6247   -0.0183
2599.0000    0.0232    0.0862
2600.0000    0.0868   -0.0010
2601.0000    0.6892   -0.0704
2602.0000    1.3590   -0.0603
2603.0000    0.4248    0.1115
2604.0000    0.9794    0.0147
2605.0000    1.2405    0.0010
2606.0000    1.4926   -0.0265
2607.0000    0.7302    0.0452
2608.0000    1.4248    0.0002
2609.0000    1.0178   -0.0069
2610.0000    2.2065    0.0425
2611.0000    0.5291   -0.0241
2612.0000    1.1706    0.0006
2613.0000    0.5076   -0.0372
2614.0000    0.0403   -0.0464
2615.0000   -0.7469   -0.1048
2616.0000    0.2168    0.0894
2617.0000    1.4351   -0.0777
2618.0000    1.1970   -0.0008
2619.0000    0.1366    0.0192
2620.0000    1.9213    0.0320
2621.0000    0.7515   -0.0043
2622.0000    1.5174   -0.0158
2623.0000    1.3507   -0.0073
2624.0000    0.4721    0.0117
2625.0000    1.0901   -0.0146
2626.0000    0.5186   -0.0238
2627.0000    1.5542    0.0460
2628.0000    0.0897    0.0171
2629.0000    0.6690   -0.0004
2630.0000    1.1485    0.0149
2631.0000    1.3787   -0.0071
2632.0000    2.4694   -0.0099
2633.0000    0.5895    0.0126
2634.0000    1.4558   -0.0126
2635.0000    1.5805    0.0597
2636.0000    0.2948   -0.0502
2637.0000    0.8349    0.0076
2638.0000    0.2209    0.0691
2639.0000    0.2641    0.0515
2640.0000    3.1797   -0.0170
2641.0000    0.9707   -0.0102
2642.0000    1.3306   -0.0079
2643.0000    0.5598    0.0194
2644.0000    1.5857    0.0331
2645.0000    1.5335   -0.0800
