   1.0000    0.4555  -10.2391
   2.0000    0.5239   -0.0110
   3.0000    1.0336   -0.9786
   4.0000    0.9670   -0.3025
   5.0000    1.1762   -1.1751
   6.0000    0.8724    3.4362
   7.0000    1.0383   -1.9449
   8.0000    0.7737    1.5894
   9.0000    0.8976   -2.7363
  10.0000    1.1676    1.3274
  11.0000    1.1697    0.4813
  12.0000    0.9350    1.1067
  13.0000    1.0735   -2.1920
  14.0000    0.5507    0.2032
  15.0000    0.7806   -2.4045
  16.0000    1.1449    1.3215
  17.0000    0.1355   -1.4255
  18.0000    1.0686   -1.7138
  19.0000    1.0216    1.3737
  20.0000    0.9815   -0.3714
  21.0000    0.6885   -0.5952
  22.0000    1.0079   -1.6812
  23.0000    0.9523   -0.3839
  24.0000    1.1062   -0.9581
  25.0000    0.7861    3.0626
  26.0000    0.8910   -1.6359
  27.0000    0.9341    0.3981
  28.0000    0.9329   -2.9765
  29.0000    1.1189    1.5312
  30.0000    0.9446    0.5069
  31.0000    0.9970    1.1230
  32.0000    0.9153   -1.5565
  33.0000    1.2306    1.1242
  34.0000    1.0408   -2.1415
  35.0000    1.1429    2.1962
  36.0000    0.9209    0.1610
  37.0000    1.2021   -1.1747
  38.0000    0.8710    1.1279
  39.0000    1.0279   -0.1573
  40.0000    1.1245    1.4285
  41.0000    1.0376   -0.1816
  42.0000    0.9544   -0.8715
  43.0000    1.2010   -1.4552
  44.0000    0.6128    2.8553
  45.0000    0.9508   -1.4477
  46.0000    0.4673   -0.2081
  47.0000    0.9258   -2.6382
  48.0000    1.0640    0.5485
  49.0000    1.0237   -0.3563
  50.0000    0.9361    2.2844
  51.0000    0.9199   -1.0796
  52.0000    0.3535    0.7755
  53.0000    1.0660   -0.9436
  54.0000    1.0404    1.5318
  55.0000    0.9164    0.3733
  56.0000    1.1039    0.1278
  57.0000    0.9059   -0.4980
  58.0000    0.9206    0.5452
  59.0000    0.9157   -3.2487
  60.0000    1.1477    1.4972
  61.0000    0.4663   -0.0449
  62.0000    1.5882   -2.2548
  63.0000    1.3361   -0.5018
  64.0000    1.9443   -0.2360
  65.0000    0.9506    0.4328
  66.0000    1.1119    0.2328
  67.0000    1.4457   -0.1078
  68.0000    1.2697   -0.5570
  69.0000    0.5011   -0.0094
  70.0000    1.0206   -0.5776
  71.0000    0.8539    1.8866
  72.0000    0.9430   -1.8798
  73.0000    1.0566   -0.8708
  74.0000    1.0357   -1.0698
  75.0000    1.2797    0.2050
  76.0000    1.1105    1.7801
  77.0000    0.9763   -0.9325
  78.0000    0.9611    0.1582
  79.0000    1.0512    0.0325
  80.0000    0.8032   -0.0781
  81.0000    1.6652   -1.5174
  82.0000    1.3783    1.7552
  83.0000    0.8965    0.3559
  84.0000    1.0165    0.1629
  85.0000    1.0582   -1.0721
  86.0000    0.5751    0.3861
  87.0000    0.6893   -2.7429
  88.0000    1.1146    1.3319
  89.0000    0.7045    0.6322
  90.0000    1.1359   -0.4389
  91.0000    0.9805   -0.3599
  92.0000    0.3209    0.4256
  93.0000    0.9068   -2.3796
  94.0000    1.0892    1.5086
  95.0000    1.8821    0.8763
  96.0000    1.1665   -0.7655
  97.0000    0.9132    0.6081
  98.0000    0.9800    0.1351
  99.0000    1.0052   -0.8844
 100.0000    1.0861    0.9899
 101.0000    1.1187   -0.2238
 102.0000    1.1420   -1.4604
 103.0000    0.9265    1.4389
 104.0000    1.1080   -0.7049
 105.0000    1.0469    0.6231
 106.0000    1.0701    0.1663
 107.0000    0.8058   -0.3318
 108.0000    1.0927   -1.8751
 109.0000    0.9321    2.1945
 110.0000    1.0741   -1.3491
 111.0000    1.0108    1.3314
 112.0000    1.0383   -0.5699
 113.0000    0.8198   -0.5356
 114.0000    1.0652   -1.7290
 115.0000    0.9217    2.7440
 116.0000    1.0058   -1.5004
 117.0000    0.9620    1.2532
 118.0000    1.0115   -1.1771
 119.0000    0.8844   -0.2446
 120.0000    1.0291   -1.4441
 121.0000    0.9321    2.8721
 122.0000    0.9553   -1.2346
 123.0000    0.8604    0.6056
 124.0000    1.0002   -1.4882
 125.0000    0.9794   -0.2060
 126.0000    1.0198   -1.0702
 127.0000    0.9476    2.7218
 128.0000    0.9058   -0.4317
 129.0000    0.5896   -1.7967
 130.0000    1.5878    6.6330
 131.0000    1.1419   -1.6288
 132.0000    0.8898   -0.0833
 133.0000    0.7730   -0.7968
 134.0000    0.9955   -0.7977
 135.0000    1.0330   -1.1747
 136.0000    1.2038   -1.4675
 137.0000    0.7916    3.2995
 138.0000    0.9147   -1.6265
 139.0000    0.9267    0.0552
 140.0000    0.9851   -0.4197
 141.0000    1.0487   -1.1353
 142.0000    1.1805   -1.6810
 143.0000    0.8480    4.4773
 144.0000    0.9017   -1.1610
 145.0000    1.0135    0.0056
 146.0000    1.0228    0.6898
 147.0000    0.9527   -0.7244
 148.0000    1.1470   -2.2944
 149.0000    0.9284    4.2520
 150.0000    0.9431   -0.7701
 151.0000    1.0921   -1.1847
 152.0000    1.1139    2.4860
 153.0000    1.0285    0.3720
 154.0000    1.0897   -3.7690
 155.0000    1.0761    2.0858
 156.0000    0.0899    0.4227
 157.0000    1.0069   -3.9174
 158.0000    1.2191    3.6803
 159.0000    0.7309    1.8671
 160.0000    1.0221   -3.8082
 161.0000    1.1314   -0.5622
 162.0000    0.6679    0.9475
 163.0000    0.8985   -5.3307
 164.0000    1.2671    3.2502
 165.0000    0.6452    1.0482
 166.0000    0.9960   -1.3572
 167.0000    1.1469   -2.8686
 168.0000    0.8381    1.7377
 169.0000    0.7770   -5.0950
 170.0000    1.3314    0.8907
 171.0000    1.3291    1.8203
 172.0000    1.0509    1.5576
 173.0000    0.9586   -2.8569
 174.0000    0.7711    0.4106
 175.0000    0.7306   -2.5550
 176.0000    1.2714   -1.5079
 177.0000    1.1821   -0.9375
 178.0000    1.1090    3.9119
 179.0000    0.6512   -1.3990
 180.0000    0.3800   -1.4204
 181.0000    0.9042    0.2991
 182.0000    1.1086   -1.9961
 183.0000    1.0858   -3.2295
 184.0000    1.0172    2.7665
 185.0000    0.1114   -1.6537
 186.0000    1.6551    0.3771
 187.0000    1.2081    1.7138
 188.0000    0.6179   -0.1089
 189.0000    1.0714   -2.5576
 190.0000    1.8368   -2.7385
 191.0000    0.5336   -1.8640
 192.0000    2.4945   -0.6207
 193.0000    1.3446    1.9841
 194.0000    1.1875    2.9079
 195.0000    1.2303   -0.0821
 196.0000    1.6780   -3.0859
 197.0000    0.8298    2.3223
 198.0000   -0.9794   -1.5592
 199.0000    1.2221   -0.6351
 200.0000    1.1049    0.9554
 201.0000    1.2206    1.6299
 202.0000    1.0812   -3.1847
 203.0000    1.1580    2.0521
 204.0000    1.2796    0.0772
 205.0000    1.0375   -2.5978
 206.0000    1.3408   -0.7242
 207.0000    2.2072    4.3936
 208.0000    1.1877   -1.1988
 209.0000    1.4717   -1.7429
 210.0000    1.3391    1.4251
 211.0000    0.7032   -0.2118
 212.0000    2.4132   -2.1788
 213.0000    1.5021   -1.6218
 214.0000    1.1176    1.1397
 215.0000    1.1617    2.1912
 216.0000    1.2808   -0.3781
 217.0000    1.2158    2.4756
 218.0000    1.3790    2.4398
 219.0000    0.8238   -1.2003
 220.0000    1.1835   -1.5270
 221.0000    1.1571   -0.2960
 222.0000    0.9400   -1.1190
 223.0000    0.2550    3.4144
 224.0000    1.5504   -4.2860
 225.0000    1.1016    0.8297
 226.0000    0.9699    2.0236
 227.0000    1.2438   -0.8123
 228.0000    0.4704   -2.6055
 229.0000    1.2706    1.7687
 230.0000    0.8477    1.2704
 231.0000    1.1104   -1.1781
 232.0000    0.9812    0.5685
 233.0000    1.0895    0.9695
 234.0000    0.9959   -0.3888
 235.0000    0.9757   -4.8426
 236.0000    1.2454   -2.3971
 237.0000    0.6572    2.2157
 238.0000    0.9665    0.7416
 239.0000    0.8675   -2.3847
 240.0000    1.0287    0.6464
 241.0000    0.9315   -1.6257
 242.0000    1.1765    0.3536
 243.0000    0.9695   -0.0241
 244.0000    1.0019   -0.0601
 245.0000    1.0679    0.9491
 246.0000    0.9551   -0.1650
 247.0000    1.1413    0.2199
 248.0000    0.9642   -3.5258
 249.0000    1.1049   -0.0700
 250.0000    0.8530    3.3232
 251.0000    0.9918   -1.2328
 252.0000    1.3047    0.5506
 253.0000    1.2440   -0.7002
 254.0000    0.9751   -0.1756
 255.0000    0.9703    1.7093
 256.0000    0.6731   -1.3705
 257.0000    0.3413   -1.3212
 258.0000    1.2127    0.5026
 259.0000    0.9041   -0.6591
 260.0000    1.2399   -1.5629
 261.0000    0.4969   -0.0803
 262.0000    0.9437    0.7702
 263.0000    1.1308    0.9099
 264.0000    0.7851   -1.5732
 265.0000    1.1592   -1.0751
 266.0000    0.6383    0.7576
 267.0000    0.8963    1.0416
 268.0000    0.9282   -1.4619
 269.0000    1.1382   -1.2073
 270.0000    1.1886   -0.7010
 271.0000    0.8265   -0.1205
 272.0000    0.8030    1.4777
 273.0000    1.1723   -0.9576
 274.0000    1.0518   -0.3805
 275.0000    0.9651    0.3675
 276.0000    1.0498   -0.7755
 277.0000    0.9550    1.9015
 278.0000    0.9890   -0.7549
 279.0000    0.8141   -0.9002
 280.0000    1.0586    6.9644
 281.0000    1.2306    3.2603
 282.0000    1.0242    1.6838
 283.0000    1.1155   -0.5858
 284.0000    1.0865   -3.0213
 285.0000    1.0962    6.7304
 286.0000    1.2685    3.3744
 287.0000    1.1766    1.7347
 288.0000    1.0389   -0.6584
 289.0000    0.9069   -1.0971
 290.0000    0.7325   -0.6769
 291.0000    1.1584    1.8765
 292.0000    1.1374    1.4438
 293.0000    1.0083   -0.4047
 294.0000    0.8013   -0.4482
 295.0000    0.6040   -1.5764
 296.0000    1.1769    1.8189
 297.0000    1.1294    1.6001
 298.0000    0.9966   -0.2772
 299.0000    0.8039   -0.4931
 300.0000    0.5970   -1.6103
 301.0000    1.1889    1.7626
 302.0000    1.0983    1.5606
 303.0000    1.0244   -0.0751
 304.0000    0.8454   -0.4779
 305.0000    0.7532    1.0951
 306.0000    1.1832    1.0074
 307.0000    1.0510    1.4880
 308.0000    1.0392    0.2528
 309.0000    0.9177   -0.9737
 310.0000    0.8094   -0.8770
 311.0000    1.1807    0.5073
 312.0000    1.0942    0.8189
 313.0000    0.9759    0.5195
 314.0000    0.8479    0.7040
 315.0000    0.9980    0.5460
 316.0000    1.1094   -0.6417
 317.0000    1.2395    4.2372
 318.0000    1.6679   -6.0647
 319.0000    1.1636    0.7968
 320.0000    1.2738    1.4589
 321.0000    1.4857   -0.8074
 322.0000    1.1630    0.6984
 323.0000    0.8986   -1.8866
 324.0000    0.6676    0.7584
 325.0000    1.1169   -0.6122
 326.0000    1.0022   -0.6695
 327.0000    1.2454   -0.8876
 328.0000    0.7549   -1.8850
 329.0000    0.8789    2.7801
 330.0000    1.0450   -1.4642
 331.0000    0.6897   -0.0221
 332.0000    1.1296    0.3898
 333.0000    0.6679   -1.2454
 334.0000    0.8456    1.7164
 335.0000    1.0813   -0.9432
 336.0000    1.0306   -0.1239
 337.0000    0.9937   -0.3815
 338.0000    1.1889   -0.6773
 339.0000    0.9884    0.1500
 340.0000    0.9961    0.4169
 341.0000    1.0935    1.7421
 342.0000    0.9705   -2.5547
 343.0000    0.9581    1.6492
 344.0000    1.1097   -1.5414
 345.0000    1.5202   -0.3171
 346.0000    1.1497    2.1848
 347.0000    0.8805   -2.0283
 348.0000    0.9121    2.3974
 349.0000    1.1106   -1.3381
 350.0000    0.9169   -0.4531
 351.0000    1.0533   -0.7502
 352.0000    1.0373    0.4830
 353.0000    1.0459    0.0609
 354.0000    0.9963    0.3688
 355.0000    1.1766    0.5862
 356.0000    0.8567   -1.0540
 357.0000    1.0433    2.3855
 358.0000    0.9881   -2.3511
 359.0000    2.0381   -3.2705
 360.0000    1.0787    0.7846
 361.0000    1.0669   -0.2103
 362.0000    0.9875    0.4771
 363.0000    1.0390    0.6903
 364.0000    1.1331   -0.4884
 365.0000    0.9661   -1.8373
 366.0000    0.6737    0.6377
 367.0000    1.0580   -0.7837
 368.0000    1.3424    0.6585
 369.0000    1.1836    0.5441
 370.0000    0.8716   -0.1056
 371.0000    0.7259    0.0022
 372.0000    1.0899   -0.0019
 373.0000    0.9947   -0.3841
 374.0000    0.9778   -0.2011
 375.0000    0.8822    0.3512
 376.0000    1.0027   -0.4164
 377.0000    1.0662    0.2880
 378.0000    1.1810   -0.1097
 379.0000    0.7922   -0.4853
 380.0000    0.5147    0.5219
 381.0000    1.2313   -0.0684
 382.0000    1.0799    0.2227
 383.0000    1.1054   -0.0914
 384.0000    0.5188   -0.0008
 385.0000    0.9491   -0.1149
 386.0000    1.0215    0.0253
 387.0000    1.2018    0.1204
 388.0000    0.6036   -0.3166
 389.0000    0.4236    0.3706
 390.0000    1.2312   -0.4220
 391.0000    1.1552    0.1126
 392.0000    1.0292   -0.2937
 393.0000    1.2329   -0.0063
 394.0000    1.0465   -0.0141
 395.0000    1.3979    0.0065
 396.0000    1.1491    0.1973
 397.0000    1.2406   -0.7660
 398.0000    0.9517    0.0145
 399.0000    1.3390    0.4952
 400.0000    0.9148    0.4155
 401.0000    1.1669    0.4401
 402.0000    1.1433   -0.2391
 403.0000    0.8135    0.6417
 404.0000    1.1170   -0.1767
 405.0000    1.1583   -0.4127
 406.0000    1.0223   -0.0264
 407.0000    1.0031   -0.1440
 408.0000    0.9599    0.1810
 409.0000    0.9039   -0.1587
 410.0000    1.1538    0.2512
 411.0000    0.9441   -0.1446
 412.0000    1.6058   -0.0012
 413.0000    1.5286   -0.2468
 414.0000    1.0926    0.1826
 415.0000    1.3816   -0.0865
 416.0000    0.7326    0.0594
 417.0000    0.7486    0.2637
 418.0000    1.1558   -0.0626
 419.0000    1.7202    0.0414
 420.0000    0.6090   -0.3152
 421.0000    0.7944    0.3116
 422.0000    1.1682   -0.1386
 423.0000    1.0848   -0.0999
 424.0000    0.9170    0.0684
 425.0000    0.7080    0.2344
 426.0000    1.1707   -0.0282
 427.0000    1.0005   -0.5974
 428.0000    1.0711    0.3091
 429.0000    0.8988   -0.0379
 430.0000    1.2587    0.1245
 431.0000    1.6529    0.1882
 432.0000    0.7926    0.0951
 433.0000    1.1763   -0.0352
 434.0000    1.0485   -0.2864
 435.0000    0.8921    0.0638
 436.0000    0.9690   -0.2582
 437.0000    1.0613    0.0734
 438.0000    1.2655   -0.0982
 439.0000    0.2740   -0.0025
 440.0000    0.7397    0.0515
 441.0000    0.6968    0.0636
 442.0000    0.4994    0.1666
 443.0000    1.3422   -0.0479
 444.0000    1.2634   -0.0363
 445.0000   -0.2225   -0.0343
 446.0000   -1.0912    0.3452
 447.0000    0.8405    0.2693
 448.0000    1.0351   -0.2145
 449.0000    1.0947    0.1684
 450.0000    0.9670   -0.1010
 451.0000    1.0303   -0.0040
 452.0000    0.8281    0.0377
 453.0000    0.6902    0.3923
 454.0000    1.1416   -0.2849
 455.0000    0.8808    0.0955
 456.0000    1.1820    0.0746
 457.0000    0.6456   -0.0659
 458.0000    0.9992   -0.5588
 459.0000    0.8813    0.8081
 460.0000    1.1090   -0.1150
 461.0000    1.0355   -0.4898
 462.0000    0.9974   -0.0007
 463.0000    0.9858    0.1338
 464.0000    1.0673    0.0636
 465.0000    1.0361   -0.4783
 466.0000   -0.2191   -0.2270
 467.0000    1.1694   -0.2748
 468.0000    0.9589   -0.2136
 469.0000    1.1107    0.5812
 470.0000    0.9482   -0.6087
 471.0000    0.8496   -0.1687
 472.0000    1.2150    0.0453
 473.0000    1.1750    0.1305
 474.0000    0.5856   -0.0959
 475.0000    0.9467    0.0176
 476.0000    0.8356   -0.0137
 477.0000    1.0889    0.0774
 478.0000    0.8605   -0.2479
 479.0000    1.1483    0.2217
 480.0000    0.7876    0.0080
 481.0000    1.1052   -0.2028
 482.0000    0.8326   -0.1418
 483.0000    1.1083    0.2402
 484.0000    0.7388   -0.6591
 485.0000    1.0355   -0.1139
 486.0000    1.0412    0.1206
 487.0000    0.8831   -0.0051
 488.0000    1.0678   -0.1205
 489.0000    1.3616    0.1183
 490.0000    0.9740    0.2585
 491.0000    1.1110   -0.2245
 492.0000    1.0335    0.0238
 493.0000    0.9529    0.2034
 494.0000    1.1924    0.0380
 495.0000    1.0846   -0.3055
 496.0000    0.9078    0.0403
 497.0000    0.7122    0.0272
 498.0000    0.9720    0.0443
 499.0000    0.7587   -0.0235
 500.0000    0.3826    0.0013
 501.0000    1.2938   -0.0022
 502.0000    0.8591   -0.0140
 503.0000    0.9586    0.0063
 504.0000    0.3651    0.0138
 505.0000    1.3815   -0.0060
 506.0000    0.6696    0.0257
 507.0000    0.6420    0.1555
 508.0000    0.8258    0.1112
 509.0000    1.0668   -0.0829
 510.0000    0.9615   -0.0415
 511.0000    0.7706    0.2346
 512.0000    1.2422    0.0185
 513.0000    0.6000   -0.2551
 514.0000    0.2646    0.2281
 515.0000    1.1704    0.0260
 516.0000    0.2784   -0.0293
 517.0000    0.9507    0.0273
 518.0000    0.7180   -0.0255
 519.0000    1.3013   -0.0212
 520.0000    0.4847    0.0040
 521.0000    0.7328    0.0017
 522.0000    0.9711    0.0034
 523.0000    1.0919    0.0009
 524.0000    0.6151   -0.0041
 525.0000    0.6005    0.0091
 526.0000    1.0899    0.0049
 527.0000    0.9621   -0.0127
 528.0000    0.7787   -0.0002
 529.0000    0.3634    0.0383
 530.0000    1.2709    0.0031
 531.0000    1.0690   -0.0027
 532.0000    1.0894   -0.0705
 533.0000    0.1399    0.0640
 534.0000    1.1830   -0.0271
 535.0000    0.7676    0.0097
 536.0000    0.9415   -0.0010
 537.0000    1.0162    0.0038
 538.0000    1.0274   -0.0176
 539.0000    0.8648    0.0432
 540.0000    1.1639    0.0043
 541.0000    0.6586   -0.0377
 542.0000    0.2453   -0.0054
 543.0000    1.2617   -0.1512
 544.0000    0.7049    0.1379
 545.0000    1.2176   -0.0520
 546.0000    0.7218   -0.0676
 547.0000    1.2034    0.0459
 548.0000    0.6893    0.0004
 549.0000    2.1413    0.0158
 550.0000    0.6028    0.0240
 551.0000    0.9721   -0.0149
 552.0000    1.5843    0.0008
 553.0000    1.2535   -0.0109
 554.0000    0.9207   -0.0046
 555.0000    0.9352   -0.0012
 556.0000    1.2629   -0.0043
 557.0000    0.7930    0.0031
 558.0000    1.1479    0.0008
 559.0000    0.6970    0.0011
 560.0000    1.2442   -0.0031
 561.0000    0.4584   -0.0076
 562.0000    0.4895   -0.0083
 563.0000   -0.6544    0.0004
 564.0000    0.4998    0.0052
 565.0000    1.2538   -0.0029
 566.0000    0.5965   -0.0004
 567.0000    1.2509    0.0066
 568.0000    0.5256   -0.0151
 569.0000   -0.5691   -0.0142
 570.0000    0.0147    0.0003
 571.0000    0.9506   -0.0019
 572.0000    1.0508   -0.0053
 573.0000    1.0630    0.0862
 574.0000   -0.6162    0.0127
 575.0000    0.6348    0.0750
 576.0000    1.1713   -0.1148
 577.0000    1.3810   -0.0744
 578.0000    1.2051    0.0809
 579.0000    0.8438   -0.1079
 580.0000   -0.0441   -0.0265
 581.0000    1.2591   -0.0113
 582.0000    0.7663   -0.0100
 583.0000    1.2354    0.0205
 584.0000    0.5353   -0.0404
 585.0000   -0.2629   -0.0813
 586.0000    0.6187   -0.0259
 587.0000    0.9041   -0.0003
 588.0000    1.0466    0.0007
 589.0000    0.8372   -0.0160
 590.0000    0.7643   -0.0141
 591.0000    1.0597    0.0032
 592.0000    1.0260   -0.0009
 593.0000    0.7078   -0.0060
 594.0000    0.7665   -0.0048
 595.0000    0.7452    0.0064
 596.0000    1.4726   -0.0180
 597.0000    0.5480    0.0540
 598.0000    0.1395   -0.0908
 599.0000    0.6518    0.0493
 600.0000    1.1959   -0.0918
 601.0000    0.7874    0.0189
 602.0000    1.2198    0.1199
 603.0000    0.5942   -0.0700
 604.0000   -0.0561    0.0775
 605.0000   -0.9680    0.1864
 606.0000    0.3809    0.1520
 607.0000    1.6569   -1.0452
 608.0000    0.5459    0.5691
 609.0000    1.9297   -2.4335
 610.0000    0.7802    0.1255
 611.0000   -0.0940    1.0719
 612.0000   -0.0903    1.0293
 613.0000   -0.6827    0.4217
 614.0000    0.4913   -0.4915
 615.0000    1.6052    0.7420
 616.0000    1.0223   -0.1946
 617.0000    0.7385    0.1809
 618.0000    1.1599   -0.2463
 619.0000    0.7438    0.0775
 620.0000    1.1572    0.1862
 621.0000    0.7646   -0.1941
 622.0000    1.4211    0.2774
 623.0000    0.7824   -0.0276
 624.0000    1.1444    0.0123
 625.0000    0.9350    0.0044
 626.0000    1.1301   -0.0080
 627.0000    0.7533    0.0097
 628.0000   -1.2622    0.0579
 629.0000    0.0647    0.0120
 630.0000    0.3195    0.0432
 631.0000    1.3101   -0.0138
 632.0000    0.6418   -0.0216
 633.0000    1.1481    0.0262
 634.0000    0.9394    0.0046
 635.0000    0.8868   -0.0163
 636.0000    1.1562    0.0158
 637.0000    0.6579    0.0022
 638.0000   -0.2948   -0.0067
 639.0000   -0.5859    0.0005
 640.0000    1.3361    0.0158
 641.0000    0.5888   -0.0269
 642.0000    0.5211    0.0088
 643.0000    0.7548    0.0330
 644.0000    1.2390   -0.0458
 645.0000    1.1403    0.0001
 646.0000    0.9845    0.0449
 647.0000    1.7458   -0.0367
 648.0000    0.7828   -0.0133
 649.0000    2.2334    0.0869
 650.0000    0.6023   -0.0218
 651.0000    1.3674   -0.1753
 652.0000    0.6194    0.1823
 653.0000    1.1254   -0.0334
 654.0000    0.7447   -0.1166
 655.0000    1.0932    0.0334
 656.0000    0.8906    0.0836
 657.0000    1.3749   -0.0750
 658.0000    0.9304   -0.0392
 659.0000    1.2332    0.1046
 660.0000    0.9816    0.0054
 661.0000    0.4695   -0.1109
 662.0000    1.2639    0.0414
 663.0000    0.7736    0.0783
 664.0000    3.0158   -0.0914
 665.0000   -0.5742   -0.0199
 666.0000    0.1656    0.0835
 667.0000    1.3872    0.0067
 668.0000    0.6636   -0.0519
 669.0000    0.7911   -0.3790
 670.0000    0.6475    0.2531
 671.0000    1.2088   -0.1953
 672.0000    0.8362   -0.1245
 673.0000    1.1710    0.1773
 674.0000    0.7249   -0.0194
 675.0000    1.7078    0.1294
 676.0000    0.6697   -0.0560
 677.0000    1.4222    0.0360
 678.0000    1.1411    0.0338
 679.0000    0.7276   -0.0229
 680.0000    0.3143   -0.0324
 681.0000    1.1897    0.0242
 682.0000    1.2606    0.0279
 683.0000    0.8883   -0.0054
 684.0000    2.0181    0.0031
 685.0000    0.8588   -0.0043
 686.0000    0.9576    0.0195
 687.0000    1.2205    0.0138
 688.0000    0.3516   -0.0216
 689.0000    0.1988   -0.0154
 690.0000    1.3689    0.0207
 691.0000    0.9018    0.0012
 692.0000    1.1276   -0.0525
 693.0000    1.0031    0.0002
 694.0000    0.9498    0.0922
 695.0000    1.1644   -0.0069
 696.0000    0.7286    0.1085
 697.0000    1.9179   -0.2439
 698.0000    0.6273    0.0046
 699.0000    0.1897   -0.0123
 700.0000    0.5104   -0.0188
 701.0000    1.2364   -0.0145
 702.0000    0.5485   -0.0072
 703.0000    1.2669    0.0142
 704.0000    0.5191   -0.0374
 705.0000    0.0454   -0.0253
 706.0000    0.6030    0.0232
 707.0000    1.1957   -0.0182
 708.0000    1.2312   -0.1352
 709.0000    0.7332   -0.0218
 710.0000    1.0527    0.1152
 711.0000    1.1090   -0.0523
 712.0000    0.7525   -0.0708
 713.0000    0.4289    0.2612
 714.0000    0.4257   -0.0672
 715.0000    0.5136    0.0065
 716.0000    1.0476    0.0660
 717.0000    0.4932    0.0394
 718.0000    1.1739   -0.6712
 719.0000    0.8011    0.0945
 720.0000    1.1261    0.0699
 721.0000    1.0697   -0.0268
 722.0000    0.8370   -0.0819
 723.0000    0.1849    0.0352
 724.0000    1.2913   -0.0141
 725.0000    0.8533   -0.0442
 726.0000    1.0491   -0.0694
 727.0000   -1.8805    0.2133
 728.0000    1.2941    0.0265
 729.0000    0.7114    0.0797
 730.0000    1.1836    0.0069
 731.0000    0.6091   -0.0205
 732.0000    1.0916   -0.0048
 733.0000    0.8120   -0.0238
 734.0000    0.9689   -0.0262
 735.0000    2.3161   -0.0496
 736.0000    0.8006    0.0171
 737.0000    1.5741    0.0133
 738.0000    1.1187    0.0232
 739.0000    1.0153    0.0032
 740.0000    1.1094   -0.0018
 741.0000    0.6885   -0.0192
 742.0000    0.4539    0.0014
 743.0000    1.3009    0.0043
 744.0000    1.0033   -0.0169
 745.0000    1.3031    0.0427
 746.0000    0.5752   -0.0878
 747.0000    1.5976   -0.0743
 748.0000    0.9107    0.0571
 749.0000    1.0115   -0.0402
 750.0000    0.8417    0.0376
 751.0000    0.9267   -0.0170
 752.0000    1.1347    0.0078
 753.0000    0.6117   -0.0046
 754.0000    3.8511    0.0051
 755.0000    0.7511    0.0126
 756.0000    1.0967   -0.0071
 757.0000    1.0354   -0.0033
 758.0000    1.4490   -0.0050
 759.0000    0.3181    0.0067
 760.0000    1.2674    0.0072
 761.0000    0.8006    0.0092
 762.0000    1.2095    0.0062
 763.0000    1.0027   -0.0086
 764.0000    0.9687   -0.0183
 765.0000    1.3830   -0.0120
 766.0000    0.9856   -0.0096
 767.0000    1.0848    0.0219
 768.0000    1.1957    0.0115
 769.0000    0.7241    0.0143
 770.0000    1.9172    0.0260
 771.0000    1.0670    0.0192
 772.0000    1.2753    0.0074
 773.0000    0.7353    0.0039
 774.0000   -1.3957   -0.0570
 775.0000   -0.2634   -0.0688
 776.0000    0.4605   -0.0006
 777.0000    1.2376    0.0074
 778.0000    0.8062   -0.0220
 779.0000    1.0425   -0.0049
 780.0000    1.2708    0.0193
 781.0000    1.0400    0.0074
 782.0000    0.7629   -0.0049
 783.0000    1.7678   -0.0299
 784.0000    1.8710   -0.0409
 785.0000    1.3425    0.0038
 786.0000    1.2796   -0.0016
 787.0000   -1.1829   -0.0123
 788.0000    0.7573    0.0202
 789.0000    1.1401   -0.0119
 790.0000    0.7302   -0.0156
 791.0000    1.2283    0.0100
 792.0000    0.5135   -0.0206
 793.0000    0.1302   -0.1859
 794.0000    0.5305    0.0911
 795.0000    0.3686    0.2166
 796.0000    1.4859    0.1257
 797.0000    0.9444   -0.0091
 798.0000    1.1421   -0.2103
 799.0000    0.8538    0.1475
 800.0000    0.9982    0.2311
 801.0000    1.1299    0.0863
 802.0000    0.6784   -0.7199
 803.0000    1.8365   -0.3710
 804.0000    0.9892    0.1807
 805.0000   -0.1995   -0.0396
 806.0000    0.7560   -0.0045
 807.0000    1.1306   -0.0467
 808.0000    0.8084    0.0689
 809.0000    1.2456    0.0660
 810.0000    0.6138   -0.1570
 811.0000    1.8117    0.2326
 812.0000    0.7161    0.0358
 813.0000    1.1323    0.0000
 814.0000    0.7061   -0.0175
 815.0000    1.0786   -0.0001
 816.0000    0.2866   -0.0109
 817.0000    0.9045    0.0020
 818.0000    1.2173    0.0017
 819.0000    1.7460    0.0835
 820.0000    1.1656    0.0226
 821.0000    0.3901   -0.0017
 822.0000    1.0174   -0.0065
 823.0000    0.6794    0.0072
 824.0000    1.0836   -0.0061
 825.0000    1.0354    0.0039
 826.0000    0.8050    0.0116
 827.0000    1.3891   -0.0781
 828.0000    0.1486    0.0547
 829.0000    1.3275   -0.0225
 830.0000    0.6796    0.0161
 831.0000    1.2132   -0.0099
 832.0000    0.4658    0.0229
 833.0000    0.0252    0.0387
 834.0000    1.3939   -0.0314
 835.0000    1.1161   -0.0048
 836.0000    1.2815    0.0069
 837.0000    0.4699   -0.0025
 838.0000    0.3227    0.0210
 839.0000    1.3514    0.0015
 840.0000    0.6732    0.0272
 841.0000    1.4139   -0.0281
 842.0000    0.6508   -0.0609
 843.0000    0.1981    0.0429
 844.0000    1.3200   -0.0243
 845.0000    0.5980    0.0133
 846.0000    1.3834    0.0092
 847.0000    0.2567   -0.0022
 848.0000    0.3171    0.0321
 849.0000    1.3670   -0.0299
 850.0000    1.0718    0.0369
 851.0000    1.3006    0.2693
 852.0000    1.0467   -0.1932
 853.0000    0.6261    0.1555
 854.0000    1.1759   -0.0932
 855.0000    0.5551   -0.0110
 856.0000    1.3128    0.0155
 857.0000    0.1391   -0.0042
 858.0000    0.5825    0.0508
 859.0000    1.2507    0.0685
 860.0000    0.8565    0.0298
 861.0000    0.9229    0.0111
 862.0000    1.1499    0.0583
 863.0000    1.2224   -0.1280
 864.0000    0.6394   -0.0652
 865.0000    1.2897    0.0257
 866.0000    0.2682    0.0013
 867.0000    0.0647    0.1691
 868.0000    1.1991   -0.2476
 869.0000    1.1125   -0.1520
 870.0000    0.7492    0.6617
 871.0000    1.1991   -0.0885
 872.0000    0.5198   -0.5750
 873.0000    0.4682   -0.2303
 874.0000    1.0821    0.0925
 875.0000    0.5017   -0.0246
 876.0000    0.1986    0.0324
 877.0000    1.4035   -0.0276
 878.0000    0.7937   -0.0120
 879.0000    1.1351    0.0202
 880.0000   -0.0303    0.0376
 881.0000    1.4405    0.1297
 882.0000    0.8509    0.0908
 883.0000    0.7705    0.7413
 884.0000    0.9969   -0.3256
 885.0000    0.4950   -0.2356
 886.0000    0.5973   -0.1784
 887.0000    1.3181   -0.1263
 888.0000    0.9200   -0.2465
 889.0000    1.6805    0.6962
 890.0000    0.7420   -0.3614
 891.0000    0.8321    0.0314
 892.0000    0.9473   -0.0454
 893.0000    0.2822   -0.0014
 894.0000    1.2822   -0.0070
 895.0000    0.7832   -0.0073
 896.0000    0.9702    0.0228
 897.0000    0.9139    0.0847
 898.0000    0.8374   -0.1336
 899.0000    0.8045   -0.0089
 900.0000    0.8600    0.0691
 901.0000    1.2747   -0.0019
 902.0000   -0.0473   -0.0261
 903.0000    1.3436    0.0880
 904.0000    1.3129    0.0022
 905.0000    1.0171   -0.0061
 906.0000    1.1069   -0.0623
 907.0000    0.6366    0.0176
 908.0000    1.0774   -0.0110
 909.0000    0.9178   -0.0017
 910.0000    0.7947   -0.0085
 911.0000    0.9332    0.0028
 912.0000    0.8169    0.0147
 913.0000    1.1196   -0.0121
 914.0000    1.2095   -0.1334
 915.0000    1.2430    0.0022
 916.0000   -2.3739   -0.2070
 917.0000    1.3861   -0.2716
 918.0000    1.0467    0.1692
 919.0000    1.0035   -0.3255
 920.0000    0.9488   -0.0509
 921.0000    0.9940    0.0020
 922.0000    1.0998    0.0049
 923.0000    0.6292    0.0114
 924.0000    1.1005    0.0261
 925.0000    0.7234    0.0270
 926.0000    1.2839    0.0884
 927.0000    0.6018    0.1683
 928.0000    1.0938    0.0607
 929.0000    1.3822    0.1279
 930.0000    1.2046    0.3019
 931.0000    0.9611    0.2149
 932.0000    0.4854   -0.1859
 933.0000    1.2958    0.2709
 934.0000    0.7807    0.1232
 935.0000    0.9909    0.1411
 936.0000    1.0584    0.1119
 937.0000    0.7548   -0.4982
 938.0000    0.8555   -0.2801
 939.0000    0.6656   -0.1366
 940.0000    1.7866   -0.1181
 941.0000    1.2243   -0.2074
 942.0000    0.6882    0.0894
 943.0000    1.1745    0.0670
 944.0000    0.2828   -0.5128
 945.0000    1.0314    0.2404
 946.0000    0.8698    0.1428
 947.0000    1.1740   -0.1509
 948.0000    0.8071    0.0613
 949.0000    1.0138   -0.0676
 950.0000    0.3599   -0.1326
 951.0000    0.6316    0.0924
 952.0000    1.0012   -0.0364
 953.0000    1.6270   -0.0503
 954.0000    0.5467    0.0333
 955.0000    1.1730    0.0815
 956.0000    2.0847   -0.0117
 957.0000    0.9042    0.1020
 958.0000    1.3701   -0.0223
 959.0000    1.9319    0.0194
 960.0000    0.4651   -0.0018
 961.0000    1.1691    0.1700
 962.0000    1.1451   -0.0137
 963.0000    1.2462    0.1341
 964.0000    0.7425    0.0648
 965.0000    0.4135    0.2008
 966.0000    1.2442   -0.0062
 967.0000    3.1622   -0.0059
 968.0000    6.3737   -0.0510
 969.0000    1.4778    0.0472
 970.0000    0.6191    0.0144
 971.0000    1.2968   -0.0097
 972.0000    2.6413   -0.0496
 973.0000    0.9168    0.0101
 974.0000    0.1638   -0.1369
 975.0000    1.6163    0.1176
 976.0000    1.2719   -0.0366
 977.0000    0.2099   -0.0559
 978.0000    1.1929    0.0508
 979.0000    1.0890   -0.0266
 980.0000    0.9459    0.0150
 981.0000    1.1280    0.0383
 982.0000    1.5913    0.0284
 983.0000    0.6307    0.0435
 984.0000    1.0169    0.0029
 985.0000    0.5976   -0.0081
 986.0000    0.9847    0.0041
 987.0000    0.3836   -0.0004
 988.0000    3.1736    1.0195
 989.0000    0.8770   -0.0023
 990.0000    0.6785   -0.0093
 991.0000    2.7781    0.3217
 992.0000    1.0178   -0.0763
 993.0000   -0.7305    0.1152
 994.0000    4.6710    0.1271
 995.0000    0.9609   -0.1480
 996.0000    0.7505   -0.8694
 997.0000    3.8233    0.0031
 998.0000    0.9662    0.0713
 999.0000    0.8272   -0.9866
1000.0000    1.0423    0.8724
1001.0000    1.1252   -0.0433
1002.0000    0.9446    0.0549
1003.0000    0.5405   -0.1760
1004.0000    1.1581    0.0002
1005.0000    2.7282   -0.1585
1006.0000    1.0750    0.4230
1007.0000    1.4131   -0.2904
1008.0000    1.5756    0.2912
1009.0000    0.4525    0.7228
1010.0000    1.9036    0.0820
1011.0000    0.9133   -0.2740
1012.0000   -1.2303    1.3733
1013.0000    1.7015   -0.0864
1014.0000    0.2795   -0.1644
1015.0000    0.1210   -0.1012
1016.0000    0.4147   -0.1535
1017.0000    0.1657   -0.0762
1018.0000    1.3480   -2.0860
1019.0000    0.7770    3.5999
1020.0000    1.6251    0.6169
1021.0000    1.8000   -1.0255
1022.0000    1.3963    0.0882
1023.0000    1.8607    4.8860
1024.0000    1.7209   -0.1864
1025.0000   -0.0457   -1.2149
1026.0000    1.1508    1.3345
1027.0000    0.6084    0.3157
1028.0000    1.2704    0.0048
1029.0000   -0.3982   -0.4688
1030.0000    1.4505    0.1013
1031.0000   -0.2919    0.8366
1032.0000    1.0521    0.6389
1033.0000    0.5724   -0.1815
1034.0000    1.0328   -1.1490
1035.0000    0.5300   -1.2876
1036.0000   -0.2766    1.4108
1037.0000    0.7703   -0.1229
1038.0000   -0.2358   -0.4689
1039.0000    0.8018   -0.2842
1040.0000    1.4329   -0.1266
1041.0000    0.9638    2.4492
1042.0000    0.7246    1.6524
1043.0000    0.3902   -0.0081
1044.0000    0.7281    0.0428
1045.0000    1.9311   -0.0318
1046.0000    0.5203   -0.2430
1047.0000   -0.2044   -0.1664
1048.0000    2.0880   -0.0712
1049.0000    0.9220   -0.0359
1050.0000    2.3730    0.2944
1051.0000    1.6776    0.0086
1052.0000    1.2563   -0.8941
1053.0000    2.6644    0.1836
1054.0000    0.6464    1.7053
1055.0000    1.0462    0.1512
1056.0000    1.3770    0.2516
1057.0000    0.4288   -1.5069
1058.0000    0.3027   -0.3562
1059.0000    1.4386    0.3103
1060.0000    0.6641    0.0280
1061.0000    0.7419   -0.0870
1062.0000    2.8026   -0.0645
1063.0000    1.2336   -1.2540
1064.0000    1.0254    0.6343
1065.0000    1.2692    0.6871
1066.0000    0.2087    0.2456
1067.0000    0.4693   -0.0829
1068.0000    1.1857   -0.1307
1069.0000    1.2948    0.4114
1070.0000    1.5204   -0.2087
1071.0000    1.3185   -0.2674
1072.0000    1.1806    0.0017
1073.0000    0.6972    0.3695
1074.0000    1.3453   -0.4847
1075.0000    1.3662    0.2601
1076.0000    0.6399    0.4840
1077.0000    0.8544    0.4827
1078.0000    0.9611   -0.5629
1079.0000    1.1192    1.2163
1080.0000    0.3254    0.3137
1081.0000    0.4775   -0.1734
1082.0000    1.1866   -0.0148
1083.0000    1.4715   -0.2801
1084.0000    1.1031   -0.1282
1085.0000    0.7156   -0.1068
1086.0000    1.3743   -0.0234
1087.0000    0.3554    0.7464
1088.0000    1.1404    0.0665
1089.0000    0.6817    0.8857
1090.0000   -0.0013   -1.9176
1091.0000    0.9224   -0.2214
1092.0000    1.5617    1.0298
1093.0000    1.0235   -0.1169
1094.0000    1.0334    0.2069
1095.0000    0.8156   -0.2006
1096.0000    1.4409    1.8609
1097.0000    0.7879    0.4086
1098.0000    1.2803    0.0486
1099.0000    0.8549    0.3525
1100.0000    1.2327   -0.8008
1101.0000    0.9541   -0.6459
1102.0000    1.0467   -0.2691
1103.0000    0.8699   -0.5525
1104.0000   -0.0631   -2.4137
1105.0000    1.4251    0.3901
1106.0000    0.9957   -1.6158
1107.0000    2.9436    0.3748
1108.0000    2.5093   -4.0400
1109.0000    1.2498   -2.2140
1110.0000    1.1280    0.7802
1111.0000    0.5708    0.9122
1112.0000    1.3511   -0.9871
1113.0000    0.9628   -0.1865
1114.0000    1.7094    1.5911
1115.0000    0.4846    0.1484
1116.0000    0.7487    0.2981
1117.0000    1.1967    0.3378
1118.0000    1.1862    0.1296
1119.0000    0.5084   -2.5074
1120.0000    1.1524    0.1348
1121.0000    0.9961    0.0557
1122.0000    0.9598    0.3070
1123.0000    0.7202    0.4919
1124.0000    1.1484    0.3497
1125.0000    1.3321   -0.0798
1126.0000    1.1962   -0.2115
1127.0000    0.6972   -0.0508
1128.0000    0.5983   -0.1293
1129.0000    1.7034    1.2762
1130.0000    1.3975   -0.4109
1131.0000    1.0998   -0.0675
1132.0000    1.1282    0.1184
1133.0000    1.5669   -0.2656
1134.0000    0.9034    0.0026
1135.0000    1.6541    0.0592
1136.0000    1.3217   -0.1887
1137.0000    1.3456   -0.7196
1138.0000   -0.0231    0.9238
1139.0000    1.0445   -0.1005
1140.0000    0.6741    0.0753
1141.0000    1.1760    0.2180
1142.0000    1.2757    0.2258
1143.0000    1.2164    0.1632
1144.0000    0.7619   -0.2231
1145.0000    0.4683    0.0139
1146.0000    1.5852    0.4255
1147.0000    2.1972   -0.1190
1148.0000    0.7382   -0.1124
1149.0000    2.0081    0.0309
1150.0000    1.0583   -0.0446
1151.0000    1.5259   -0.0023
1152.0000    2.0418    0.0873
1153.0000    1.6583   -0.3631
1154.0000    0.2331    0.6175
1155.0000    1.2165    0.0450
1156.0000    1.0941   -0.0834
1157.0000    0.9457   -0.3050
1158.0000    0.8594    0.0478
1159.0000    2.2416    0.0571
1160.0000    1.0985    0.0408
1161.0000    2.2555    0.2403
1162.0000    1.2404   -0.1232
1163.0000    1.1448    0.1424
1164.0000    1.3438   -0.1477
1165.0000    1.2568    0.0624
1166.0000    0.5124    0.0724
1167.0000    1.0465   -0.0556
1168.0000    0.9819    0.1021
1169.0000    1.2135   -0.0019
1170.0000    1.2360   -0.0545
1171.0000    0.1903    0.0134
1172.0000    0.3982   -0.0569
1173.0000    0.0802    0.0687
1174.0000    0.7560    0.1920
1175.0000    1.0708   -0.0677
1176.0000    0.8921   -0.0429
1177.0000    1.0042    0.0057
1178.0000    1.1733    0.1588
1179.0000    0.8323    0.0150
1180.0000    1.8217    0.0018
1181.0000    0.8075   -0.0158
1182.0000    1.2458    0.0046
1183.0000    0.7604   -0.0033
1184.0000    1.1333    0.0026
1185.0000    1.7871   -0.0292
1186.0000    0.3989   -0.0195
1187.0000    1.3041    0.0130
1188.0000    0.8394   -0.0053
1189.0000    1.0405    0.0324
1190.0000    0.7233    0.0002
1191.0000    1.1583   -0.0656
1192.0000    0.7690   -0.0227
1193.0000    1.1279    0.1457
1194.0000    0.9525    0.0003
1195.0000    1.0701   -0.0639
1196.0000    0.8458   -0.1679
1197.0000    1.0596    0.0661
1198.0000    0.9251    0.0111
1199.0000    1.0512    0.1633
1200.0000    0.6879    0.0109
1201.0000    0.4461   -0.0799
1202.0000    0.6666    0.0049
1203.0000    0.3587   -0.1412
1204.0000    0.6796    0.2798
1205.0000    1.1998   -0.3530
1206.0000    0.8582    0.0124
1207.0000    1.1633    0.0784
1208.0000    0.6604   -0.0578
1209.0000    1.9991    0.3126
1210.0000    0.8807   -0.0570
1211.0000   -0.0531   -0.2294
1212.0000    1.2580    0.0710
1213.0000    0.6976    0.0815
1214.0000    1.1918   -0.2395
1215.0000    0.8819    0.3349
1216.0000    1.1879    0.1140
1217.0000    0.6577   -0.2868
1218.0000    0.4756    0.0901
1219.0000    0.6448    0.0018
1220.0000    1.2524   -0.0461
1221.0000    1.2573   -0.0146
1222.0000    1.6990    0.1092
1223.0000    1.2823    0.0016
1224.0000    1.4444    0.0162
1225.0000    0.6486   -0.0732
1226.0000    1.0936   -0.1040
1227.0000    0.7469    0.0737
1228.0000    1.0558    0.0498
1229.0000    1.4934   -0.0360
1230.0000    1.2120   -0.0006
1231.0000    0.8025    0.3640
1232.0000    1.0219    0.0084
1233.0000    1.1092   -0.3954
1234.0000    1.0770    0.3594
1235.0000    0.8551   -0.3120
1236.0000    0.9129   -0.0385
1237.0000    1.8236    0.0038
1238.0000    1.0497   -0.0305
1239.0000    1.2983    0.1279
1240.0000    0.8837    0.0507
1241.0000    0.9839   -0.0127
1242.0000    1.4474    0.0299
1243.0000    0.8952   -0.0226
1244.0000    0.6572    0.0110
1245.0000    1.9779   -0.0241
1246.0000    0.7413    0.0037
1247.0000    0.3311    0.0368
1248.0000    1.0347   -0.0831
1249.0000    0.9725   -0.0394
1250.0000    1.0307   -0.0080
1251.0000    0.8430   -0.0404
1252.0000    0.4161   -0.1316
1253.0000    2.1760    0.3976
1254.0000    0.5376   -0.2755
1255.0000    1.2393   -0.2244
1256.0000    0.5925    0.2276
1257.0000    1.3393   -0.3271
1258.0000    0.8903    0.0530
1259.0000    1.0155    0.1749
1260.0000    1.1203    0.2043
1261.0000    1.3448   -0.0666
1262.0000    0.1769   -0.2161
1263.0000    0.6041    0.4559
1264.0000    0.8897    0.2512
1265.0000    1.1044   -0.4805
1266.0000    1.2253    0.0463
1267.0000    1.1296    0.5970
1268.0000    0.9161   -0.7603
1269.0000    0.4614    1.3590
1270.0000    2.0132   -1.8751
1271.0000    1.5541    0.2242
1272.0000    2.0026    0.6093
1273.0000   -2.4807    0.5498
1274.0000    1.2921   -0.0711
1275.0000    2.5878    1.1870
1276.0000    1.3308   -1.1350
1277.0000    0.9231    0.6059
1278.0000    1.0578   -0.4095
1279.0000    0.9314   -0.6273
1280.0000    0.9769    0.6374
1281.0000    1.0148   -0.3345
1282.0000    1.1057    0.3568
1283.0000    0.9687   -0.1308
1284.0000    0.9228    0.1039
1285.0000    1.1408   -0.1838
1286.0000    1.1682    0.0824
1287.0000    0.1236    1.0514
1288.0000    1.1290   -0.5546
1289.0000    0.7524    0.0807
1290.0000    1.1622   -0.0451
1291.0000    0.3370    0.0147
1292.0000    0.5494   -0.0033
1293.0000    0.9067    0.1242
1294.0000    1.4641    0.1796
1295.0000    1.0235    0.3271
1296.0000    1.3494    0.1068
1297.0000    0.0009   -0.0270
1298.0000    0.5011    0.2539
1299.0000    1.0673   -0.4926
1300.0000    1.0529   -0.3807
1301.0000    1.0703   -0.0158
1302.0000    1.0535    0.6236
1303.0000    1.1469    0.4399
1304.0000    0.0482   -2.5918
1305.0000    1.1178    1.4817
1306.0000    0.6218    2.4064
1307.0000    1.2673   -1.3347
1308.0000    0.4109   -1.3861
1309.0000    0.9671    0.0513
1310.0000    0.9761   -0.9369
1311.0000    0.7683    0.7411
1312.0000    0.9779    1.4882
1313.0000    1.2660   -3.4447
1314.0000    0.8756    0.5215
1315.0000    1.0464    0.8338
1316.0000    1.1046    0.3216
1317.0000    0.9679   -0.4534
1318.0000    1.1081    1.7934
1319.0000    0.2886   -0.5078
1320.0000    0.8589   -0.4685
1321.0000    0.7202    0.0047
1322.0000    0.8985    0.1905
1323.0000    1.0416    0.9296
1324.0000    0.5286    0.4447
1325.0000    0.9642   -0.0759
1326.0000    1.2218   -0.6063
1327.0000    1.1982    0.1775
1328.0000    1.4493   -2.0322
1329.0000    0.2689    0.0244
1330.0000    1.8425   -0.4099
1331.0000    0.6339    0.0736
1332.0000    0.8335   -0.6842
1333.0000    1.4030    0.5903
1334.0000    1.2675   -0.2736
1335.0000    0.8778   -2.8981
1336.0000    1.0291   -0.2916
1337.0000    1.1155    1.2731
1338.0000    0.9204   -0.8230
1339.0000    1.2293   -2.7995
1340.0000    1.1649    0.7543
1341.0000    0.7776   -0.1039
1342.0000    1.1201   -1.1552
1343.0000    0.7680   -0.1755
1344.0000    1.0826    0.1869
1345.0000    1.0003    2.0966
1346.0000    0.8177   -0.8475
1347.0000    1.1293   -0.4760
1348.0000    0.7188   -2.3925
1349.0000    1.1608    1.6394
1350.0000    1.0321    1.1427
1351.0000    1.0557   -2.1075
1352.0000    1.3331    1.7512
1353.0000    1.4124   -0.4025
1354.0000    1.4147    0.0210
1355.0000    0.9669    1.5133
1356.0000    1.0215   -0.1950
1357.0000    1.3229   -0.1538
1358.0000    0.8320   -0.5131
1359.0000    1.2109   -1.2877
1360.0000    0.4938    5.9833
1361.0000    0.9123   -3.3961
1362.0000    1.2384   -1.3707
1363.0000    0.5616    1.9242
1364.0000    1.1953   -1.6759
1365.0000    1.2232    1.5651
1366.0000    0.9086   -0.2023
1367.0000    1.0144    1.0982
1368.0000    1.1219   -2.5070
1369.0000    0.4302    4.3911
1370.0000    1.5557   -1.4877
1371.0000    1.5365    2.6711
1372.0000    1.0471   -1.4993
1373.0000    0.8707   -0.8712
1374.0000    0.9660    0.9732
1375.0000    1.0581   -0.2127
1376.0000    0.5558   -0.5690
1377.0000    1.2773    2.7204
1378.0000    1.4110   -2.1549
1379.0000    1.6590   -8.6334
1380.0000    1.4909    3.9923
1381.0000    1.2461    2.1101
1382.0000    1.4530   -3.2999
1383.0000    1.0050    0.0783
1384.0000    0.8753    4.1470
1385.0000    0.7540   -0.5587
1386.0000    1.5744   -1.7385
1387.0000    0.4180    1.4047
1388.0000    1.6883    1.7527
1389.0000    0.8705   -3.2351
1390.0000    1.1266   -1.4337
1391.0000    0.5966    1.0712
1392.0000    1.0091    0.1998
1393.0000    0.8052   -1.0298
1394.0000    1.1260    0.2382
1395.0000    0.7726    0.2775
1396.0000    1.5394   -0.5997
1397.0000    1.0621   -0.1009
1398.0000    0.9412    0.2600
1399.0000    1.0348    0.1078
1400.0000    1.2260    0.4411
1401.0000    1.0349   -0.4089
1402.0000    0.9142    0.1731
1403.0000    1.8814    0.0311
1404.0000    1.0537   -0.0301
1405.0000    0.9167    0.0185
1406.0000    1.3923   -0.8458
1407.0000    1.0876   -0.9418
1408.0000    1.0855    0.0422
1409.0000    1.0379    0.3814
1410.0000    1.1885   -2.6716
1411.0000    1.0612   -1.0486
1412.0000    0.9747    1.9743
1413.0000    1.9690    1.1788
1414.0000    2.0510    0.1687
1415.0000    1.6273   -0.9710
1416.0000    0.8624    1.2574
1417.0000    1.0170    0.8081
1418.0000    0.9579    0.4438
1419.0000    0.8157    0.3328
1420.0000    1.1225   -1.6946
1421.0000    0.8334    0.5498
1422.0000    0.8367   -0.4973
1423.0000    1.3154    0.0438
1424.0000    0.9943    0.2188
1425.0000    0.9834    0.6454
1426.0000    0.9934    0.0249
1427.0000    0.6770    0.6059
1428.0000    1.1326   -0.1948
1429.0000    0.5090    0.8325
1430.0000    0.8480    0.6380
1431.0000    0.7496   -0.5779
1432.0000    1.1616    1.1651
1433.0000    0.9483   -2.0289
1434.0000    0.9550    0.3948
1435.0000    1.0770    1.5146
1436.0000    0.8451   -1.4558
1437.0000    1.2950    1.0114
1438.0000    0.5607    0.1020
1439.0000    1.5950    0.4970
1440.0000    1.4124   -0.8331
1441.0000    0.8652    1.0166
1442.0000    1.0142   -1.5029
1443.0000    1.4128   -3.5443
1444.0000    1.0999   -0.1350
1445.0000    1.1221   -1.4839
1446.0000    1.1273    0.1376
1447.0000    0.4810    0.5546
1448.0000    1.0182    0.0008
1449.0000    0.9032   -0.1523
1450.0000    0.9393   -0.0414
1451.0000    1.1921   -0.4741
1452.0000    1.0730   -0.2011
1453.0000    1.0499    0.4209
1454.0000    1.0326   -0.1706
1455.0000    2.0602   -0.0720
1456.0000    0.9218   -0.6495
1457.0000    0.9857    0.8983
1458.0000    1.0847    0.2433
1459.0000    1.1434   -1.1440
1460.0000    0.9929    2.3240
1461.0000    1.5087   -0.7083
1462.0000    1.2247   -0.8683
1463.0000    0.8839   -0.2680
1464.0000    1.9541   -2.5760
1465.0000    0.6491    0.1689
1466.0000    0.9162    0.4290
1467.0000    0.5888   -3.0563
1468.0000    1.1309    2.2614
1469.0000    0.9851   -3.6461
1470.0000    1.0045    2.0948
1471.0000    0.9912    0.3650
1472.0000    0.8524   -1.1844
1473.0000    1.1650    0.8399
1474.0000    0.8804   -2.4369
1475.0000    0.8466    0.7451
1476.0000    1.4701   -0.6220
1477.0000    0.7700    0.3955
1478.0000    1.0395   -0.1146
1479.0000    1.0925    0.4743
1480.0000    1.4518   -0.4600
1481.0000    0.7942   -0.0364
1482.0000    0.5093    0.3297
1483.0000    0.9999    4.3856
1484.0000    1.1942   -3.2032
1485.0000    1.6144   -0.3645
1486.0000    1.1047    1.8298
1487.0000    0.9975   -2.6930
1488.0000    0.9037   -1.3683
1489.0000    1.0661    1.1058
1490.0000    1.0229    0.1631
1491.0000    1.1848   -1.9339
1492.0000    1.3385    1.1112
1493.0000    0.9528    2.9734
1494.0000    1.0694   -1.5952
1495.0000    0.9653    1.1520
1496.0000    1.0660    0.4130
1497.0000    0.9840   -0.2997
1498.0000    0.8903   -0.2983
1499.0000    0.9475   -0.6175
1500.0000    1.3936    1.7497
1501.0000    1.0202   -0.9762
1502.0000    0.9356   -0.4635
1503.0000    0.9941    0.5572
1504.0000    1.0508   -0.2397
1505.0000    1.0236    0.1206
1506.0000    0.9924    1.5063
1507.0000    1.0084   -2.0080
1508.0000    1.1895   -0.3004
1509.0000    1.2840   -0.8631
1510.0000    0.9413   -0.0948
1511.0000    1.1045    0.9063
1512.0000    0.9690    0.5663
1513.0000    1.0279   -0.7634
1514.0000    0.9176    0.0088
1515.0000    1.2910    0.3953
1516.0000    1.0918   -0.4054
1517.0000    0.9400   -0.2637
1518.0000    1.1089    0.3132
1519.0000    1.0088   -0.0957
1520.0000    1.0007    0.6449
1521.0000    1.0909   -0.7441
1522.0000    1.2081   -0.4058
1523.0000    0.8996    0.4605
1524.0000    1.1016    0.2614
1525.0000    0.7100   -0.6524
1526.0000    1.0870   -0.1668
1527.0000    0.8420   -0.0102
1528.0000    1.0514    0.3133
1529.0000    0.8778   -0.1455
1530.0000    1.1478    0.6860
1531.0000    0.9667    0.0427
1532.0000    1.6921   -0.3015
1533.0000    1.6757    0.3962
1534.0000    1.0573    0.1954
1535.0000    1.0065    0.1835
1536.0000    1.0035   -0.4713
1537.0000    1.0822    0.3770
1538.0000    1.0430   -0.2607
1539.0000    1.2951    0.4023
1540.0000    1.4868   -0.1490
1541.0000    1.3424   -0.7927
1542.0000    1.2618    0.3327
1543.0000    1.1941    0.5022
1544.0000    0.9723   -0.5523
1545.0000    0.9702    0.1874
1546.0000    1.1733   -0.0817
1547.0000    1.3702    0.1830
1548.0000    1.3290    0.1975
1549.0000    0.9541    0.0811
1550.0000    1.2177   -0.2437
1551.0000    1.3262    0.0883
1552.0000    0.9598   -0.3799
1553.0000    0.9863    0.9800
1554.0000    1.0525   -0.7620
1555.0000    0.9181    0.2168
1556.0000    1.2153   -0.0376
1557.0000    1.0597    0.0421
1558.0000    1.0149   -0.1099
1559.0000    1.0540   -0.1147
1560.0000    0.6688   -0.1036
1561.0000    1.1089   -0.0171
1562.0000    0.9784   -0.0593
1563.0000    1.1798    0.0601
1564.0000    0.8614    0.0084
1565.0000    1.1176    0.0138
1566.0000    0.8994   -0.1562
1567.0000    1.0333    0.4451
1568.0000    1.0091   -0.2085
1569.0000    1.1035   -0.0975
1570.0000    1.4770   -0.1924
1571.0000    2.7765   -2.1360
1572.0000    0.9932    0.2509
1573.0000    1.1149   -0.3317
1574.0000    1.2551   -0.0497
1575.0000    0.9420   -0.1149
1576.0000    0.5832    0.1622
1577.0000    1.2532    0.1548
1578.0000    1.1256    0.1134
1579.0000    1.0020    0.1287
1580.0000    1.0032   -0.2644
1581.0000    1.0247    0.0982
1582.0000    0.9955   -0.0433
1583.0000    1.2537   -0.2247
1584.0000    0.9864    0.0319
1585.0000    0.9017   -0.2295
1586.0000    0.9849    0.6089
1587.0000    1.0976   -0.0376
1588.0000    0.7793   -0.0920
1589.0000    1.0369    0.5819
1590.0000    1.0245   -0.9824
1591.0000    0.9398    0.3389
1592.0000    1.0041   -0.0828
1593.0000    0.9108    0.1922
1594.0000    1.2977   -0.4294
1595.0000    0.2040    0.3948
1596.0000    1.2757    0.0257
1597.0000    0.9535   -0.2157
1598.0000    1.4420    0.3487
1599.0000    1.0643    0.1728
1600.0000    0.9911   -0.0670
1601.0000    1.0044    0.2330
1602.0000    0.9615   -0.4519
1603.0000    0.9530    0.1706
1604.0000    0.8968    0.1925
1605.0000    1.1506   -0.3784
1606.0000    0.8465    0.5538
1607.0000    1.1682   -0.3952
1608.0000    0.7484    0.4320
1609.0000    1.1699   -0.1333
1610.0000    0.9365   -0.0402
1611.0000    0.7336    1.3465
1612.0000    1.0543   -0.5563
1613.0000    1.0790    0.5712
1614.0000    1.0237   -0.2269
1615.0000    1.0073    0.0706
1616.0000    0.9782    0.0172
1617.0000    0.9885    0.1132
1618.0000    0.9966   -0.1784
1619.0000    0.9715    0.4786
1620.0000    1.0236   -0.1378
1621.0000    1.2096   -0.1455
1622.0000    1.0231    0.2845
1623.0000    1.0309   -0.4172
1624.0000    0.9748    0.1691
1625.0000    0.8827   -0.0422
1626.0000    0.8061   -0.0455
1627.0000    0.6484    0.0986
1628.0000    1.1243   -0.1162
1629.0000    0.9961   -0.4499
1630.0000    0.8612    0.1086
1631.0000    1.1012    0.0102
1632.0000    1.0355    0.0899
1633.0000    1.0357   -0.0606
1634.0000    0.7960   -0.3235
1635.0000    1.1222    0.2499
1636.0000    0.4362    0.1082
1637.0000    1.3092    0.1869
1638.0000    1.3991    0.0753
1639.0000    0.9856   -0.2984
1640.0000    1.0085    0.0540
1641.0000    0.9806    0.1631
1642.0000    0.9961    0.0829
1643.0000    1.2608   -0.3863
1644.0000    1.1197   -0.3369
1645.0000    0.9718    0.1779
1646.0000    0.9770    0.1437
1647.0000    1.0166    0.0102
1648.0000    1.0053   -0.0411
1649.0000    0.9679    0.0644
1650.0000    0.8431   -0.1038
1651.0000    1.0640    0.0048
1652.0000    1.6547   -0.0793
1653.0000    2.6593    0.2035
1654.0000    1.6579    1.1501
1655.0000    1.2540    0.7774
1656.0000    0.9524   -0.2866
1657.0000    1.1878    0.1477
1658.0000    1.3151   -0.0888
1659.0000    0.9941   -0.0143
1660.0000    0.9298   -0.2326
1661.0000    0.9960   -0.1183
1662.0000    1.0651    0.3779
1663.0000    1.0257    0.0636
1664.0000    1.0471   -0.0713
1665.0000    0.9521    0.1173
1666.0000    0.7729    0.0133
1667.0000    1.1002    0.0314
1668.0000    1.4606   -0.1080
1669.0000    1.3925    0.0368
1670.0000    1.0889    0.0810
1671.0000    0.9498   -0.1382
1672.0000    0.9554   -0.0811
1673.0000    1.0283    0.1396
1674.0000    1.0068   -0.0524
1675.0000    1.3941   -0.6212
1676.0000    2.1591   -0.1232
1677.0000    1.0087    0.0052
1678.0000    0.9878    0.0892
1679.0000    0.1750    0.8241
1680.0000    1.1269    0.2008
1681.0000    1.0542    0.0465
1682.0000    1.0787   -0.1361
1683.0000    0.9430   -0.3163
1684.0000    1.0029    0.2420
1685.0000    1.0133   -0.0172
1686.0000    1.0118   -0.1836
1687.0000    0.9132    0.3895
1688.0000    1.0733   -0.4325
1689.0000    1.3705    0.2544
1690.0000    1.1248    0.2677
1691.0000    0.9865   -0.5286
1692.0000    1.0124    0.0620
1693.0000    0.8840    0.0123
1694.0000    1.2184   -0.0600
1695.0000    0.9015    0.1870
1696.0000    1.0129   -0.4110
1697.0000    1.0208    0.3369
1698.0000    1.0484    0.3447
1699.0000    0.9183    0.1566
1700.0000    1.1640   -0.1131
1701.0000    0.9959   -0.1328
1702.0000    1.1131    0.1891
1703.0000    1.5610    0.0298
1704.0000    1.0417   -0.0291
1705.0000    1.0734   -0.1442
1706.0000    1.0069   -0.2826
1707.0000    0.6702    0.0736
1708.0000    1.1269    0.0316
1709.0000    0.9681    0.2843
1710.0000    1.0142   -0.1981
1711.0000    0.9585   -0.0507
1712.0000    1.1026    0.5011
1713.0000    1.0376    0.1958
1714.0000    1.0293   -0.0814
1715.0000    0.7012   -0.5061
1716.0000    1.1346    0.3854
1717.0000    1.0606    0.3876
1718.0000    1.0376   -0.3867
1719.0000    0.9172   -0.1311
1720.0000    0.4134    0.1578
1721.0000    1.1317   -0.2122
1722.0000    0.9248    0.0074
1723.0000    0.8630   -0.1655
1724.0000    0.9335   -0.0137
1725.0000    1.0043    0.0596
1726.0000    1.0180    0.0618
1727.0000    1.0029   -0.1642
1728.0000    0.1788    0.0888
1729.0000    2.4851   -1.2483
1730.0000    1.3951    0.2132
1731.0000    0.6191   -0.0315
1732.0000    1.3074   -0.0105
1733.0000    1.1487   -0.0796
1734.0000    0.6559    0.1867
1735.0000    1.0172    0.0931
1736.0000    0.2717   -0.0523
1737.0000    1.1973    0.0938
1738.0000    1.0354    0.1116
1739.0000    0.9869   -0.0070
1740.0000    0.6495   -0.0162
1741.0000    1.0805   -0.2654
1742.0000    0.9559    0.1483
1743.0000    1.0717    0.0971
1744.0000    0.9315   -0.4364
1745.0000    1.1182    0.1517
1746.0000    0.9635    0.1209
1747.0000    1.0315    0.1499
1748.0000    0.8674   -0.4228
1749.0000    1.0379    0.2177
1750.0000    1.0633    0.3063
1751.0000    0.9176   -0.5925
1752.0000    1.6043    0.2889
1753.0000   -0.1553   -0.1250
1754.0000    0.9760   -0.2904
1755.0000    0.9890    0.4121
1756.0000    0.7084   -0.5956
1757.0000    1.2699    0.3335
1758.0000    1.0134    0.1662
1759.0000    1.2021   -0.1917
1760.0000    0.8729   -0.3066
1761.0000   -0.4342    0.6717
1762.0000    1.9504   -1.5593
1763.0000    1.3415    0.4007
1764.0000    0.8659    0.3719
1765.0000    1.0206    0.1312
1766.0000    1.2512    0.3432
1767.0000    0.8679    0.1316
1768.0000    1.0628   -0.0769
1769.0000    0.9680   -0.1565
1770.0000    0.8324    0.2319
1771.0000    0.7220   -0.1575
1772.0000    0.8844    0.0063
1773.0000    1.0336    0.0527
1774.0000    1.1207   -0.0174
1775.0000    1.0150   -0.0055
1776.0000    0.7895   -0.0746
1777.0000    0.4978   -0.1199
1778.0000    0.7163   -0.1580
1779.0000    1.0439   -0.0997
1780.0000    1.0371   -0.0220
1781.0000    1.0941    0.0980
1782.0000    0.8386    0.3523
1783.0000    0.8352   -0.3470
1784.0000    1.1051    0.8719
1785.0000    0.9333   -0.6317
1786.0000    2.4757    0.6333
1787.0000    0.7034    0.3688
1788.0000    1.3066    0.3695
1789.0000    1.1086   -0.5455
1790.0000    1.0321   -0.1325
1791.0000    0.9580    0.0506
1792.0000    1.0611    0.1117
1793.0000    0.4553   -0.1108
1794.0000    0.8865   -0.0932
1795.0000    1.1085    0.1115
1796.0000    0.9997    0.1623
1797.0000    1.0445   -0.0499
1798.0000    0.9521   -0.0307
1799.0000    0.8879   -0.1357
1800.0000    1.0049    0.0102
1801.0000    0.9435   -0.3560
1802.0000    1.1599    0.5226
1803.0000    0.9401    0.1861
1804.0000    1.0710   -0.2284
1805.0000    0.9668   -0.1078
1806.0000    1.0212   -0.1408
1807.0000    0.8036   -0.0720
1808.0000    0.8474    0.0303
1809.0000    1.0642   -0.0765
1810.0000    0.9519   -0.3095
1811.0000    1.1034    0.5811
1812.0000    1.1656    0.6310
1813.0000    1.0305   -0.6034
1814.0000    0.9518    0.0225
1815.0000    1.0137    0.1387
1816.0000    1.0223   -0.0750
1817.0000    1.0140    0.0041
1818.0000    0.9191    0.0237
1819.0000    1.2812    0.1344
1820.0000    1.0382   -0.1060
1821.0000    0.6508    0.0062
1822.0000    1.0782    0.0024
1823.0000    1.1641   -0.0379
1824.0000    0.8532    0.0143
1825.0000    1.0155    0.0126
1826.0000    1.0855   -0.0279
1827.0000    0.9028    0.0348
1828.0000    0.7537   -0.1225
1829.0000    0.6854    0.1946
1830.0000    1.0566   -0.2427
1831.0000    1.5484   -0.6808
1832.0000    1.4345    0.4697
1833.0000    1.4711    0.1219
1834.0000    1.0755   -0.0704
1835.0000    0.9511   -0.1606
1836.0000    0.9514    0.2554
1837.0000    1.1355    0.0663
1838.0000    1.3716   -0.2165
1839.0000   -0.7442   -0.0511
1840.0000    0.9791    0.0977
1841.0000    1.1570    0.1264
1842.0000    0.7414   -0.1515
1843.0000    0.4789    0.1201
1844.0000    0.7023   -0.4077
1845.0000    0.7989    0.3452
1846.0000    1.1528   -0.0443
1847.0000    0.9741   -0.1178
1848.0000    0.1586    0.4402
1849.0000    1.2076    0.0702
1850.0000    1.1013   -0.2073
1851.0000    0.9933    0.0983
1852.0000    0.5472   -0.0446
1853.0000    0.9036    0.2786
1854.0000    1.1065   -0.1999
1855.0000    1.1140   -0.0460
1856.0000    1.2386    0.4131
1857.0000    1.1592   -0.2591
1858.0000    0.9979    0.1002
1859.0000    1.0596    0.2009
1860.0000    0.9036   -0.2622
1861.0000    0.8118    0.2052
1862.0000    1.1920   -0.0271
1863.0000    0.9019    0.0123
1864.0000    1.0760   -0.1361
1865.0000    0.0965   -0.5352
1866.0000    1.2367    0.9981
1867.0000    0.1647    0.1281
1868.0000    1.2386   -0.4049
1869.0000    0.8569   -0.4011
1870.0000    1.1467   -0.1433
1871.0000    0.5790    0.1601
1872.0000    1.6047    0.6852
1873.0000    1.1681   -0.0206
1874.0000    1.0460   -0.8657
1875.0000    0.8189   -0.5415
1876.0000    0.4955   -0.2443
1877.0000    0.9266   -0.0069
1878.0000    0.6943    0.3775
1879.0000    0.4520    1.2188
1880.0000    0.6692    0.1199
1881.0000    1.2494   -0.4060
1882.0000    1.5506   -0.8163
1883.0000    0.9261   -1.0215
1884.0000    0.6114   -0.3793
1885.0000    0.9825    0.2582
1886.0000    0.8488    0.3575
1887.0000    1.1726    0.9795
1888.0000    0.9327    0.2918
1889.0000    0.5158   -0.0799
1890.0000    1.0921    0.7374
1891.0000    1.3584    0.2582
1892.0000    1.4644    0.2918
1893.0000    1.2821   -0.0125
1894.0000    1.6730   -0.3245
1895.0000    1.5215    0.0617
1896.0000    1.6678   -0.1400
1897.0000    1.4070    0.1499
1898.0000    1.2745    0.2045
1899.0000    1.0623    0.0877
1900.0000    0.9304   -0.0822
1901.0000    0.7986   -0.1118
1902.0000    1.3290   -0.0975
1903.0000    1.1964   -0.0142
1904.0000    1.0539    0.1015
1905.0000    0.8500    0.1387
1906.0000    0.7874    0.0611
1907.0000    1.2171   -0.2547
1908.0000    1.2229    0.0346
1909.0000    0.6094    0.1409
1910.0000    1.2434   -0.1177
1911.0000    0.5575    0.0330
1912.0000    1.2389   -0.0367
1913.0000    1.2267    0.0605
1914.0000    0.8771   -0.0462
1915.0000    1.0326    0.3333
1916.0000    1.0818   -0.0445
1917.0000    1.2702   -0.1149
1918.0000    0.9200   -0.1401
1919.0000    0.2849   -0.1925
1920.0000    1.2428    0.1645
1921.0000    1.0709   -0.0605
1922.0000    1.5021   -0.0055
1923.0000    0.9336    0.1552
1924.0000    0.6358    0.0375
1925.0000    1.2506   -0.0570
1926.0000   -0.5303    0.5702
1927.0000    1.3940   -0.5617
1928.0000    2.8489   -0.2203
1929.0000    2.0261   -0.4358
1930.0000    0.8522    0.0805
1931.0000    1.7474    0.1687
1932.0000    1.7761    0.2694
1933.0000   -0.1014   -0.0998
1934.0000    1.4995   -0.0602
1935.0000    1.0467   -0.1791
1936.0000    0.1243   -0.0783
1937.0000    1.6521    0.0904
1938.0000    0.9628   -0.0403
1939.0000    0.6620    0.0671
1940.0000    1.4594   -0.1862
1941.0000   -0.3088   -0.0252
1942.0000    0.9033   -0.0526
1943.0000    1.3588   -0.0157
1944.0000    1.8409   -0.1814
1945.0000    0.0445    0.4839
1946.0000    1.9700   -0.1056
1947.0000    0.0331   -0.1146
1948.0000    1.3899   -0.2579
1949.0000    1.0907    0.2679
1950.0000    0.6525   -0.3420
1951.0000    2.8369    0.0363
1952.0000    0.5114    0.0540
1953.0000    0.9479    0.2670
1954.0000    2.9201   -0.2297
1955.0000   -0.1229   -0.0990
1956.0000    2.2869    0.2018
1957.0000   -0.1598   -0.2955
1958.0000    1.1712    0.6629
1959.0000   -0.7778   -0.3342
1960.0000    2.1280   -0.4722
1961.0000    1.3962    0.2885
1962.0000    0.5987   -0.2719
1963.0000    2.4736   -0.3982
1964.0000   -1.3751    0.9790
1965.0000   -1.4389   -0.2799
1966.0000   -0.0640   -0.4446
1967.0000    0.6472    0.2359
1968.0000    1.1304    0.3081
1969.0000    2.1609   -0.8899
1970.0000   -0.2874    0.5476
1971.0000    0.9710   -0.2131
1972.0000    1.6671   -0.7651
1973.0000    1.2672    0.1755
1974.0000    1.3674    0.6945
1975.0000    0.6288   -0.1766
1976.0000    0.2086   -0.4266
1977.0000    1.3846    0.5372
1978.0000    0.3549    0.2095
1979.0000   -0.2615   -0.1445
1980.0000    1.8071    1.0179
1981.0000    0.9851    0.2602
1982.0000   -0.3787   -0.3658
1983.0000    2.7153    0.1487
1984.0000    1.8703    0.8904
1985.0000   -0.8122    0.0050
1986.0000   -0.3956   -1.1266
1987.0000   -0.9061    1.1659
1988.0000    1.4345    0.1452
1989.0000   -0.0919    0.2086
1990.0000    1.1553    1.2406
1991.0000    0.0593   -0.3140
1992.0000    0.0366   -0.3349
1993.0000    0.3212    0.2270
1994.0000    0.3387    0.1029
1995.0000   -0.9300    0.8117
1996.0000   -0.2661    0.4136
1997.0000    1.8731   -1.3981
1998.0000    0.4710   -0.1915
1999.0000    0.0822    0.1556
2000.0000    0.6957   -0.0779
2001.0000    1.4209   -0.7164
2002.0000    0.7535    0.6325
2003.0000    1.8946    0.3774
2004.0000    0.2811    0.0514
2005.0000    0.4987    0.1184
2006.0000   -0.3035    0.1655
2007.0000   -1.1212    0.1715
2008.0000    0.1864   -0.0707
2009.0000    0.0429   -0.1490
2010.0000    0.0000    0.0292
2011.0000    0.0231   -0.0510
2012.0000    1.4747    0.3654
2013.0000   -0.6826   -0.0729
2014.0000    4.5005   -1.1146
2015.0000    0.3649    0.2018
2016.0000    2.0016   -0.0458
2017.0000    0.4187    0.0695
2018.0000    0.5826   -0.2334
2019.0000    0.0538    0.0665
2020.0000    2.0517    0.1218
2021.0000    0.3818   -0.1427
2022.0000    0.5526   -0.1629
2023.0000    0.2161   -0.0567
2024.0000   -0.4292    0.1653
2025.0000    0.2136   -0.0945
2026.0000    0.1921   -0.0407
2027.0000   -0.6198    0.0314
2028.0000   -0.2957   -0.0343
2029.0000    0.0412   -0.0294
2030.0000    0.0909   -0.0572
2031.0000   -0.1695    0.0814
2032.0000    0.0974    0.0833
2033.0000   -0.7693    0.2995
2034.0000    0.0683    0.1785
2035.0000   -0.5423   -0.2037
2036.0000    0.6734   -0.0263
2037.0000    2.8322    0.6265
2038.0000    0.8569    0.1214
2039.0000   -0.9201    0.0827
2040.0000    0.9385    0.0803
2041.0000    0.2646    0.4191
2042.0000    0.9388   -0.0758
2043.0000    1.8984   -0.3996
2044.0000   -0.8245    1.1866
2045.0000    0.1651   -0.0228
2046.0000    1.6442    0.1116
2047.0000    2.3296   -0.4987
2048.0000    1.6357    0.4473
2049.0000    0.3713   -0.1394
2050.0000    1.4951    0.0764
2051.0000    0.7101    0.0120
2052.0000    1.0474    0.1530
2053.0000    0.8523   -0.1377
2054.0000    0.9972   -0.0923
2055.0000    0.5704    0.2628
2056.0000    1.4173   -0.5748
2057.0000    2.2450    0.3128
2058.0000    0.0750   -0.1348
2059.0000    2.2771   -0.0001
2060.0000   -0.2881    0.9522
2061.0000   -1.4376   -0.0710
2062.0000   -0.4413    0.8358
2063.0000   -2.0604   -0.9149
2064.0000   -0.1622    0.0383
2065.0000    0.9397   -0.1410
2066.0000    1.6801   -0.2567
2067.0000    0.3746   -0.1031
2068.0000    1.0698    0.0445
2069.0000    0.2625    0.0521
2070.0000    1.4191    0.0538
2071.0000    2.0931    0.6694
2072.0000   -0.9791    0.1290
2073.0000    8.7946    0.3992
2074.0000    1.2073    0.0034
2075.0000   -1.7992    0.1418
2076.0000   -1.4678    0.2940
2077.0000    0.6169   -0.2467
2078.0000   -1.5111   -0.1727
2079.0000   -1.0628    0.2708
2080.0000   -6.3982    0.0622
2081.0000   -2.1115   -0.2065
2082.0000   -0.0567    0.0719
2083.0000   -2.5117   -0.2034
2084.0000   -5.4641   -0.6913
2085.0000   -5.2428   -2.5037
2086.0000   -1.1400   -0.1802
2087.0000   -1.3740   -0.1803
2088.0000    3.4401    0.0906
2089.0000   -2.6864   -2.5270
2090.0000    2.0668    0.0505
2091.0000   -0.3991   -0.1706
2092.0000   -0.5178   -0.1914
2093.0000    0.5821   -0.0319
2094.0000    1.7160   -0.0523
2095.0000    1.8809   -0.0748
2096.0000    1.5915   -0.0396
2097.0000    1.2918   -0.0024
2098.0000    1.0780    0.0331
2099.0000    0.9641    0.0817
2100.0000    0.9520    0.0921
2101.0000    1.0003   -0.0224
2102.0000    1.0318   -0.1269
2103.0000    1.0511   -0.0403
2104.0000    1.0619    0.0064
2105.0000    0.9529    0.1520
2106.0000    0.9004    0.2043
2107.0000    1.0496   -0.0868
2108.0000    1.0630   -0.1302
2109.0000    0.9441    0.0575
2110.0000    1.0054    0.0136
2111.0000    0.9925   -0.0119
2112.0000    1.0143    0.0080
2113.0000    0.9859   -0.0119
2114.0000    1.0157    0.0069
2115.0000    0.9978    0.0031
2116.0000    0.9888   -0.0001
2117.0000    0.9742    0.0009
2118.0000    1.0072    0.0023
2119.0000    1.0055   -0.0008
2120.0000    1.0110   -0.0017
2121.0000    1.0174   -0.0004
2122.0000    0.9876   -0.0012
2123.0000    1.0130    0.0049
2124.0000    0.9984   -0.0006
2125.0000    0.8951   -0.0031
2126.0000    1.0404   -0.0000
2127.0000    0.9984   -0.0004
2128.0000    1.1139   -0.0030
2129.0000    0.9949   -0.0025
2130.0000    0.9472    0.0064
2131.0000    0.9741   -0.0007
2132.0000    1.0051    0.0006
2133.0000    1.0554   -0.0012
2134.0000    0.9041    0.0010
2135.0000    1.1030   -0.0014
2136.0000    0.9025    0.0038
2137.0000    1.0801   -0.0026
2138.0000    1.0109    0.0029
2139.0000    0.9456   -0.0025
2140.0000    1.0405   -0.0050
2141.0000    0.8894    0.0075
2142.0000    1.0859    0.0062
2143.0000    1.0235   -0.0158
2144.0000    1.0257    0.0132
2145.0000    0.9922   -0.0027
2146.0000    1.1204    0.0092
2147.0000    1.0560    0.0083
2148.0000    1.0787    0.0033
2149.0000    0.6549   -0.0163
2150.0000    0.7172   -0.0113
2151.0000    1.1114    0.0077
2152.0000    1.1426    0.0074
2153.0000    0.8996   -0.0040
2154.0000    0.9000   -0.0077
2155.0000    0.9325   -0.0016
2156.0000    1.1654    0.0052
2157.0000    0.9344    0.0013
2158.0000    1.0045   -0.0024
2159.0000    1.0768   -0.0017
2160.0000    0.8360   -0.0010
2161.0000    0.9085    0.0064
2162.0000    0.9140    0.0005
2163.0000    1.2265   -0.0098
2164.0000    0.9875    0.0011
2165.0000    1.6089    0.0250
2166.0000    1.0720   -0.0056
2167.0000    0.7120   -0.0279
2168.0000    1.2368    0.0100
2169.0000    1.4520    0.0215
2170.0000    1.0293   -0.0098
2171.0000    0.5673   -0.0240
2172.0000    1.1901    0.0083
2173.0000    1.0480    0.0019
2174.0000    1.4071   -0.0206
2175.0000    0.7605    0.0316
2176.0000    1.0730    0.0031
2177.0000    0.7056   -0.0122
2178.0000    1.2638    0.0033
2179.0000    1.0820    0.0023
2180.0000    0.6720   -0.0072
2181.0000    1.1384   -0.0007
2182.0000    1.0333    0.0027
2183.0000    0.7911   -0.0042
2184.0000    1.1701    0.0011
2185.0000    0.9525    0.0007
2186.0000    0.8549    0.0003
2187.0000    1.2178    0.0019
2188.0000    0.8572   -0.0028
2189.0000    1.4940    0.0134
2190.0000    1.0771    0.0014
2191.0000    1.6080   -0.0081
2192.0000    1.1236   -0.0004
2193.0000    0.9235   -0.0010
2194.0000    0.9980    0.0000
2195.0000    1.0418    0.0001
2196.0000    0.9994    0.0000
2197.0000    1.2294   -0.0021
2198.0000    1.6036   -0.0111
2199.0000    0.5305    0.0047
2200.0000    0.9455   -0.0012
2201.0000    0.8186    0.0005
2202.0000    1.1367   -0.0011
2203.0000    1.0942    0.0001
2204.0000    1.0226   -0.0007
2205.0000    0.9840   -0.0015
2206.0000    1.1479   -0.0028
2207.0000    0.9061    0.0007
2208.0000    1.2486    0.0041
2209.0000    1.1332   -0.0053
2210.0000    1.0522   -0.0237
2211.0000    1.0937   -0.0068
2212.0000    1.0032    0.0041
2213.0000    0.6990    0.0007
2214.0000    1.2400   -0.0003
2215.0000    0.8979   -0.0004
2216.0000    0.7984    0.0002
2217.0000    0.3819    0.0025
2218.0000    1.3305   -0.0081
2219.0000    0.6769    0.0014
2220.0000    1.1258    0.0123
2221.0000    0.5856    0.0058
2222.0000    1.6604   -0.0012
2223.0000    0.8191   -0.0041
2224.0000    1.0417    0.0219
2225.0000    0.8973    0.0018
2226.0000    1.1925    0.0042
2227.0000    0.9083   -0.0006
2228.0000    1.5015    0.0379
2229.0000    0.8308   -0.0321
2230.0000    0.9962   -0.0005
2231.0000    0.5784    0.0138
2232.0000    1.5224   -0.0204
2233.0000    0.8010   -0.0051
2234.0000    0.5888   -0.0802
2235.0000    0.3387   -0.0080
2236.0000    0.3391   -0.0069
2237.0000    0.4745   -0.0470
2238.0000    0.5780   -0.0270
2239.0000    0.9997    0.0864
2240.0000    0.6579    0.0349
2241.0000    1.0368   -0.0203
2242.0000    0.4661   -0.0041
2243.0000    0.8920   -0.0573
2244.0000    0.8201   -0.0033
2245.0000    1.0118   -0.0490
2246.0000    1.1611   -0.0595
2247.0000    1.1052    0.0613
2248.0000    0.6507   -0.1090
2249.0000    1.0721    0.0559
2250.0000    0.8983   -0.0440
2251.0000    1.0069    0.0136
2252.0000    0.9439    0.0702
2253.0000    1.1807   -0.0528
2254.0000    0.7247    0.1024
2255.0000   10.4379   -0.0884
2256.0000   -0.0187   -0.0671
2257.0000   -0.0940   -0.0612
2258.0000   -3.9361   -0.1684
2259.0000   -3.0009   -0.1791
2260.0000    0.6899    0.0416
2261.0000    0.4093    0.1011
2262.0000    1.1066   -0.0466
2263.0000    0.4069    0.0260
2264.0000    1.0789   -0.0643
2265.0000    0.6876   -0.0587
2266.0000    1.3921    0.0480
2267.0000    0.7468   -0.0122
2268.0000    0.7464   -0.0052
2269.0000    1.5183    0.0113
2270.0000    0.7325   -0.0071
2271.0000    1.3080   -0.0170
2272.0000    1.2577   -0.0772
2273.0000    0.9198   -0.0055
2274.0000    0.6396    0.1723
2275.0000    1.0932   -0.1678
2276.0000    1.5956   -0.1984
2277.0000    0.3657   -0.1739
2278.0000    0.4214   -0.2079
2279.0000    0.9007    0.0374
2280.0000    0.8771    0.0363
2281.0000    1.7433    0.2208
2282.0000    1.4786    0.2169
2283.0000    0.8352    0.0136
2284.0000    1.1177   -0.0180
2285.0000    0.8385   -0.0330
2286.0000    0.9234    0.0154
2287.0000    1.2795   -0.0997
2288.0000    0.8532    0.0071
2289.0000    1.1664    0.1416
2290.0000    1.3565    0.0017
2291.0000    1.2974   -0.0684
2292.0000    0.0611    0.1337
2293.0000    1.7007   -0.0846
2294.0000    1.6385    0.0484
2295.0000    0.2501    0.0361
2296.0000    1.4373   -0.0471
2297.0000    1.3617    0.0042
2298.0000    1.3256   -0.0780
2299.0000    0.8406    0.0238
2300.0000    0.6575    0.0386
2301.0000    0.6384    0.0662
2302.0000    1.7250   -0.1369
2303.0000    0.9963    0.0401
2304.0000    0.7662    0.0579
2305.0000    1.0794   -0.0380
2306.0000    1.1423    0.0097
2307.0000    0.5667    0.0623
2308.0000    1.7105   -0.1025
2309.0000    0.8791    0.0156
2310.0000   -1.4030    0.1450
2311.0000    1.1026    0.0015
2312.0000    1.1586   -0.0054
2313.0000   -0.5804    0.0205
2314.0000    0.6119   -0.0060
2315.0000    0.9678    0.0021
2316.0000    0.5446   -0.0986
2317.0000    1.0009    0.0003
2318.0000    0.6166    0.0633
2319.0000    1.1086   -0.0050
2320.0000    0.5264    0.0257
2321.0000    0.9302    0.0024
2322.0000    0.9052    0.0047
2323.0000    0.7739    0.0083
2324.0000    1.3989    0.0087
2325.0000    1.0234   -0.0143
2326.0000    1.1246    0.0199
2327.0000    0.5602    0.0219
2328.0000    0.8994   -0.0036
2329.0000    0.7581    0.0083
2330.0000    1.0731    0.0034
2331.0000    0.6247   -0.0183
2332.0000    0.0232    0.0862
2333.0000    0.0868   -0.0010
2334.0000    0.6892   -0.0704
2335.0000    1.3590   -0.0603
2336.0000    0.4248    0.1115
2337.0000    0.9794    0.0147
2338.0000    1.2405    0.0010
2339.0000    1.4926   -0.0265
2340.0000    0.7302    0.0452
2341.0000    1.4248    0.0002
2342.0000    1.0178   -0.0069
2343.0000    2.2065    0.0425
2344.0000    0.5291   -0.0241
2345.0000    1.1706    0.0006
2346.0000    0.5076   -0.0372
2347.0000    0.0403   -0.0464
2348.0000   -0.7469   -0.1048
2349.0000    0.2168    0.0894
2350.0000    1.4351   -0.0777
2351.0000    1.1970   -0.0008
2352.0000    0.1366    0.0192
2353.0000    1.9213    0.0320
2354.0000    0.7515   -0.0043
2355.0000    1.5174   -0.0158
2356.0000    1.3507   -0.0073
2357.0000    0.4721    0.0117
2358.0000    1.0901   -0.0146
2359.0000    0.5186   -0.0238
2360.0000    1.5542    0.0460
2361.0000    0.0897    0.0171
2362.0000    0.6690   -0.0004
2363.0000    1.1485    0.0149
2364.0000    1.3787   -0.0071
2365.0000    2.4694   -0.0099
2366.0000    0.5895    0.0126
2367.0000    1.4558   -0.0126
2368.0000    1.5805    0.0597
2369.0000    0.2948   -0.0502
2370.0000    0.8349    0.0076
2371.0000    0.2209    0.0691
2372.0000    0.2641    0.0515
2373.0000    3.1797   -0.0170
2374.0000    0.9707   -0.0102
2375.0000    1.3306   -0.0079
2376.0000    0.5598    0.0194
2377.0000    1.5857    0.0331
2378.0000    1.5335   -0.0800
